evaluations raw_y evaporation_rate
1 0.0000000000 1.0000000000
2072 1.0000000000 1.0000000000
2312 2.0000000000 1.0000000000
2745 3.0000000000 1.0000000000
2761 4.0000000000 1.0000000000
3275 5.0000000000 1.0000000000
4900 7.0000000000 1.0000000000
4966 9.0000000000 1.0000000000
5406 10.0000000000 1.0000000000
6955 16.0000000000 1.0000000000
7619 18.0000000000 1.0000000000
8884 21.0000000000 1.0000000000
9857 23.0000000000 1.0000000000
9905 25.0000000000 1.0000000000
10339 26.0000000000 1.0000000000
11724 27.0000000000 1.0000000000
13695 28.0000000000 1.0000000000
13934 29.0000000000 1.0000000000
14360 36.0000000000 1.0000000000
16640 39.0000000000 1.0000000000
21665 42.0000000000 1.0000000000
23112 43.0000000000 1.0000000000
25615 44.0000000000 1.0000000000
26059 45.0000000000 1.0000000000
26103 47.0000000000 1.0000000000
27652 48.0000000000 1.0000000000
29063 49.0000000000 1.0000000000
32696 50.0000000000 1.0000000000
35702 51.0000000000 1.0000000000
41137 52.0000000000 1.0000000000
41516 55.0000000000 1.0000000000
42070 56.0000000000 1.0000000000
43574 58.0000000000 1.0000000000
44168 59.0000000000 1.0000000000
44248 60.0000000000 1.0000000000
44372 68.0000000000 1.0000000000
46176 70.0000000000 1.0000000000
46392 72.0000000000 1.0000000000
46811 73.0000000000 1.0000000000
48411 74.0000000000 1.0000000000
50568 77.0000000000 1.0000000000
52277 78.0000000000 1.0000000000
52621 83.0000000000 1.0000000000
53084 85.0000000000 1.0000000000
53879 86.0000000000 1.0000000000
54307 87.0000000000 1.0000000000
54795 89.0000000000 1.0000000000
57492 90.0000000000 1.0000000000
58239 93.0000000000 1.0000000000
59215 95.0000000000 1.0000000000
60435 96.0000000000 1.0000000000
60702 97.0000000000 1.0000000000
62111 100.0000000000 1.0000000000
evaluations raw_y evaporation_rate
1 0.0000000000 1.0000000000
197 2.0000000000 1.0000000000
692 3.0000000000 1.0000000000
1257 4.0000000000 1.0000000000
2362 9.0000000000 1.0000000000
3246 11.0000000000 1.0000000000
4387 13.0000000000 1.0000000000
4530 14.0000000000 1.0000000000
4888 15.0000000000 1.0000000000
6465 26.0000000000 1.0000000000
7106 32.0000000000 1.0000000000
8273 33.0000000000 1.0000000000
8449 34.0000000000 1.0000000000
9772 35.0000000000 1.0000000000
9890 36.0000000000 1.0000000000
10215 37.0000000000 1.0000000000
10302 38.0000000000 1.0000000000
12236 39.0000000000 1.0000000000
12691 45.0000000000 1.0000000000
14006 46.0000000000 1.0000000000
16152 47.0000000000 1.0000000000
16997 52.0000000000 1.0000000000
18085 54.0000000000 1.0000000000
18452 55.0000000000 1.0000000000
21216 58.0000000000 1.0000000000
21547 60.0000000000 1.0000000000
21597 61.0000000000 1.0000000000
21938 62.0000000000 1.0000000000
22222 63.0000000000 1.0000000000
24016 66.0000000000 1.0000000000
24658 67.0000000000 1.0000000000
27036 68.0000000000 1.0000000000
27685 69.0000000000 1.0000000000
29895 70.0000000000 1.0000000000
30296 72.0000000000 1.0000000000
31248 74.0000000000 1.0000000000
32152 75.0000000000 1.0000000000
32900 76.0000000000 1.0000000000
34495 78.0000000000 1.0000000000
35063 80.0000000000 1.0000000000
35669 85.0000000000 1.0000000000
35692 86.0000000000 1.0000000000
36150 87.0000000000 1.0000000000
36684 88.0000000000 1.0000000000
37653 89.0000000000 1.0000000000
38547 90.0000000000 1.0000000000
39326 91.0000000000 1.0000000000
40400 93.0000000000 1.0000000000
40768 94.0000000000 1.0000000000
41770 96.0000000000 1.0000000000
42809 97.0000000000 1.0000000000
42949 98.0000000000 1.0000000000
43741 100.0000000000 1.0000000000
evaluations raw_y evaporation_rate
1 1.0000000000 1.0000000000
2599 8.0000000000 1.0000000000
2950 11.0000000000 1.0000000000
3137 12.0000000000 1.0000000000
3163 14.0000000000 1.0000000000
5509 15.0000000000 1.0000000000
7173 16.0000000000 1.0000000000
7340 18.0000000000 1.0000000000
7816 19.0000000000 1.0000000000
8046 22.0000000000 1.0000000000
11940 25.0000000000 1.0000000000
11977 28.0000000000 1.0000000000
12541 29.0000000000 1.0000000000
13948 33.0000000000 1.0000000000
14910 34.0000000000 1.0000000000
15570 40.0000000000 1.0000000000
16604 41.0000000000 1.0000000000
17597 42.0000000000 1.0000000000
20497 44.0000000000 1.0000000000
21264 45.0000000000 1.0000000000
21817 46.0000000000 1.0000000000
23860 47.0000000000 1.0000000000
24442 48.0000000000 1.0000000000
28168 51.0000000000 1.0000000000
28180 53.0000000000 1.0000000000
30027 54.0000000000 1.0000000000
30814 59.0000000000 1.0000000000
33066 60.0000000000 1.0000000000
34662 62.0000000000 1.0000000000
36004 63.0000000000 1.0000000000
36375 65.0000000000 1.0000000000
36711 66.0000000000 1.0000000000
37227 67.0000000000 1.0000000000
37755 68.0000000000 1.0000000000
38090 71.0000000000 1.0000000000
38235 72.0000000000 1.0000000000
38870 73.0000000000 1.0000000000
39488 76.0000000000 1.0000000000
39612 77.0000000000 1.0000000000
40019 78.0000000000 1.0000000000
40832 79.0000000000 1.0000000000
41575 80.0000000000 1.0000000000
43668 81.0000000000 1.0000000000
44254 84.0000000000 1.0000000000
45840 88.0000000000 1.0000000000
46210 89.0000000000 1.0000000000
46793 91.0000000000 1.0000000000
46819 95.0000000000 1.0000000000
48527 97.0000000000 1.0000000000
49249 98.0000000000 1.0000000000
50495 100.0000000000 1.0000000000
evaluations raw_y evaporation_rate
1 1.0000000000 1.0000000000
388 2.0000000000 1.0000000000
538 4.0000000000 1.0000000000
726 5.0000000000 1.0000000000
1300 8.0000000000 1.0000000000
1789 9.0000000000 1.0000000000
3327 11.0000000000 1.0000000000
4380 12.0000000000 1.0000000000
5185 15.0000000000 1.0000000000
5893 16.0000000000 1.0000000000
7483 22.0000000000 1.0000000000
8102 24.0000000000 1.0000000000
8314 25.0000000000 1.0000000000
10578 26.0000000000 1.0000000000
11257 28.0000000000 1.0000000000
13599 30.0000000000 1.0000000000
13637 34.0000000000 1.0000000000
14103 36.0000000000 1.0000000000
14213 39.0000000000 1.0000000000
15377 40.0000000000 1.0000000000
16034 43.0000000000 1.0000000000
16212 48.0000000000 1.0000000000
16812 49.0000000000 1.0000000000
19072 50.0000000000 1.0000000000
20299 53.0000000000 1.0000000000
22621 56.0000000000 1.0000000000
23783 65.0000000000 1.0000000000
25036 67.0000000000 1.0000000000
25048 68.0000000000 1.0000000000
25129 70.0000000000 1.0000000000
25650 71.0000000000 1.0000000000
27064 72.0000000000 1.0000000000
31430 73.0000000000 1.0000000000
31905 74.0000000000 1.0000000000
31975 75.0000000000 1.0000000000
32366 76.0000000000 1.0000000000
33262 78.0000000000 1.0000000000
36967 79.0000000000 1.0000000000
37643 80.0000000000 1.0000000000
37782 81.0000000000 1.0000000000
38749 82.0000000000 1.0000000000
41043 84.0000000000 1.0000000000
42022 87.0000000000 1.0000000000
42443 88.0000000000 1.0000000000
43114 91.0000000000 1.0000000000
46591 92.0000000000 1.0000000000
48618 95.0000000000 1.0000000000
49043 96.0000000000 1.0000000000
49806 97.0000000000 1.0000000000
52701 98.0000000000 1.0000000000
52826 99.0000000000 1.0000000000
56460 100.0000000000 1.0000000000
evaluations raw_y evaporation_rate
1 0.0000000000 1.0000000000
53 1.0000000000 1.0000000000
1232 2.0000000000 1.0000000000
3532 3.0000000000 1.0000000000
3652 4.0000000000 1.0000000000
4081 5.0000000000 1.0000000000
4896 7.0000000000 1.0000000000
5129 8.0000000000 1.0000000000
6794 10.0000000000 1.0000000000
7628 12.0000000000 1.0000000000
10680 13.0000000000 1.0000000000
11246 14.0000000000 1.0000000000
11716 16.0000000000 1.0000000000
12100 17.0000000000 1.0000000000
13855 18.0000000000 1.0000000000
15017 25.0000000000 1.0000000000
15612 27.0000000000 1.0000000000
15768 31.0000000000 1.0000000000
15922 32.0000000000 1.0000000000
18051 33.0000000000 1.0000000000
19022 40.0000000000 1.0000000000
19778 43.0000000000 1.0000000000
20411 46.0000000000 1.0000000000
21432 47.0000000000 1.0000000000
21968 49.0000000000 1.0000000000
22132 50.0000000000 1.0000000000
23116 55.0000000000 1.0000000000
23211 57.0000000000 1.0000000000
25017 58.0000000000 1.0000000000
25121 61.0000000000 1.0000000000
26328 62.0000000000 1.0000000000
26399 65.0000000000 1.0000000000
26932 68.0000000000 1.0000000000
26989 69.0000000000 1.0000000000
27573 72.0000000000 1.0000000000
31456 73.0000000000 1.0000000000
33592 74.0000000000 1.0000000000
35400 75.0000000000 1.0000000000
35709 77.0000000000 1.0000000000
37688 80.0000000000 1.0000000000
38987 82.0000000000 1.0000000000
39078 85.0000000000 1.0000000000
40196 86.0000000000 1.0000000000
41429 87.0000000000 1.0000000000
42047 94.0000000000 1.0000000000
42536 95.0000000000 1.0000000000
42868 98.0000000000 1.0000000000
43201 100.0000000000 1.0000000000
evaluations raw_y evaporation_rate
1 2.0000000000 1.0000000000
139 8.0000000000 1.0000000000
141 10.0000000000 1.0000000000
285 13.0000000000 1.0000000000
1276 15.0000000000 1.0000000000
2067 22.0000000000 1.0000000000
3659 23.0000000000 1.0000000000
5111 24.0000000000 1.0000000000
6104 26.0000000000 1.0000000000
6434 27.0000000000 1.0000000000
6919 30.0000000000 1.0000000000
8206 31.0000000000 1.0000000000
11949 34.0000000000 1.0000000000
12241 35.0000000000 1.0000000000
12302 37.0000000000 1.0000000000
13206 41.0000000000 1.0000000000
13497 42.0000000000 1.0000000000
15221 46.0000000000 1.0000000000
15455 47.0000000000 1.0000000000
16153 51.0000000000 1.0000000000
16668 53.0000000000 1.0000000000
16783 54.0000000000 1.0000000000
18104 55.0000000000 1.0000000000
18249 56.0000000000 1.0000000000
18546 57.0000000000 1.0000000000
18973 58.0000000000 1.0000000000
21600 59.0000000000 1.0000000000
22496 62.0000000000 1.0000000000
23067 64.0000000000 1.0000000000
23075 65.0000000000 1.0000000000
23952 66.0000000000 1.0000000000
27260 67.0000000000 1.0000000000
30631 69.0000000000 1.0000000000
33986 70.0000000000 1.0000000000
36397 71.0000000000 1.0000000000
39034 74.0000000000 1.0000000000
39546 75.0000000000 1.0000000000
40979 79.0000000000 1.0000000000
42508 80.0000000000 1.0000000000
42885 82.0000000000 1.0000000000
43040 84.0000000000 1.0000000000
44363 86.0000000000 1.0000000000
44594 89.0000000000 1.0000000000
45612 91.0000000000 1.0000000000
45691 92.0000000000 1.0000000000
45855 94.0000000000 1.0000000000
46033 97.0000000000 1.0000000000
46809 98.0000000000 1.0000000000
47517 100.0000000000 1.0000000000
evaluations raw_y evaporation_rate
1 0.0000000000 1.0000000000
613 3.0000000000 1.0000000000
841 5.0000000000 1.0000000000
1138 8.0000000000 1.0000000000
1370 10.0000000000 1.0000000000
1443 11.0000000000 1.0000000000
4083 14.0000000000 1.0000000000
4184 17.0000000000 1.0000000000
4610 18.0000000000 1.0000000000
4636 20.0000000000 1.0000000000
5718 22.0000000000 1.0000000000
5976 29.0000000000 1.0000000000
6092 31.0000000000 1.0000000000
6757 33.0000000000 1.0000000000
7573 37.0000000000 1.0000000000
9541 40.0000000000 1.0000000000
9724 41.0000000000 1.0000000000
11187 48.0000000000 1.0000000000
12846 49.0000000000 1.0000000000
12916 50.0000000000 1.0000000000
14543 51.0000000000 1.0000000000
15378 52.0000000000 1.0000000000
15843 56.0000000000 1.0000000000
16045 57.0000000000 1.0000000000
18415 60.0000000000 1.0000000000
21490 62.0000000000 1.0000000000
22912 68.0000000000 1.0000000000
23482 69.0000000000 1.0000000000
24025 70.0000000000 1.0000000000
24041 77.0000000000 1.0000000000
25135 80.0000000000 1.0000000000
25824 81.0000000000 1.0000000000
28561 83.0000000000 1.0000000000
28645 84.0000000000 1.0000000000
28926 85.0000000000 1.0000000000
28971 86.0000000000 1.0000000000
29367 88.0000000000 1.0000000000
32463 90.0000000000 1.0000000000
33880 92.0000000000 1.0000000000
35050 93.0000000000 1.0000000000
35248 96.0000000000 1.0000000000
36428 97.0000000000 1.0000000000
38008 98.0000000000 1.0000000000
39281 100.0000000000 1.0000000000
evaluations raw_y evaporation_rate
1 1.0000000000 1.0000000000
1176 2.0000000000 1.0000000000
2264 3.0000000000 1.0000000000
4370 4.0000000000 1.0000000000
4552 5.0000000000 1.0000000000
5224 7.0000000000 1.0000000000
5850 9.0000000000 1.0000000000
7258 10.0000000000 1.0000000000
7413 11.0000000000 1.0000000000
8022 12.0000000000 1.0000000000
10855 13.0000000000 1.0000000000
11084 17.0000000000 1.0000000000
12184 18.0000000000 1.0000000000
12477 19.0000000000 1.0000000000
13345 20.0000000000 1.0000000000
13602 24.0000000000 1.0000000000
14106 25.0000000000 1.0000000000
14527 27.0000000000 1.0000000000
15411 28.0000000000 1.0000000000
15848 32.0000000000 1.0000000000
17540 33.0000000000 1.0000000000
17743 37.0000000000 1.0000000000
20528 45.0000000000 1.0000000000
21094 47.0000000000 1.0000000000
21593 48.0000000000 1.0000000000
31707 50.0000000000 1.0000000000
32853 51.0000000000 1.0000000000
33325 52.0000000000 1.0000000000
33398 53.0000000000 1.0000000000
33775 54.0000000000 1.0000000000
35097 56.0000000000 1.0000000000
37418 57.0000000000 1.0000000000
38433 61.0000000000 1.0000000000
38451 62.0000000000 1.0000000000
39498 63.0000000000 1.0000000000
41134 67.0000000000 1.0000000000
41453 68.0000000000 1.0000000000
43621 69.0000000000 1.0000000000
43657 71.0000000000 1.0000000000
43751 72.0000000000 1.0000000000
44287 74.0000000000 1.0000000000
45792 79.0000000000 1.0000000000
46991 82.0000000000 1.0000000000
47449 83.0000000000 1.0000000000
47525 85.0000000000 1.0000000000
48745 86.0000000000 1.0000000000
49195 87.0000000000 1.0000000000
49970 88.0000000000 1.0000000000
50929 90.0000000000 1.0000000000
51895 91.0000000000 1.0000000000
52136 92.0000000000 1.0000000000
52385 93.0000000000 1.0000000000
52457 96.0000000000 1.0000000000
52458 100.0000000000 1.0000000000
evaluations raw_y evaporation_rate
1 1.0000000000 1.0000000000
2610 5.0000000000 1.0000000000
4118 6.0000000000 1.0000000000
4470 8.0000000000 1.0000000000
5589 9.0000000000 1.0000000000
5707 11.0000000000 1.0000000000
6527 14.0000000000 1.0000000000
9311 17.0000000000 1.0000000000
9693 18.0000000000 1.0000000000
12404 19.0000000000 1.0000000000
12480 20.0000000000 1.0000000000
13219 21.0000000000 1.0000000000
14228 22.0000000000 1.0000000000
14420 23.0000000000 1.0000000000
14748 24.0000000000 1.0000000000
15642 25.0000000000 1.0000000000
15850 26.0000000000 1.0000000000
16451 27.0000000000 1.0000000000
19052 28.0000000000 1.0000000000
19711 29.0000000000 1.0000000000
19837 30.0000000000 1.0000000000
20210 32.0000000000 1.0000000000
20612 33.0000000000 1.0000000000
21401 36.0000000000 1.0000000000
21932 38.0000000000 1.0000000000
22111 43.0000000000 1.0000000000
23566 44.0000000000 1.0000000000
24478 45.0000000000 1.0000000000
24840 48.0000000000 1.0000000000
25682 49.0000000000 1.0000000000
27104 51.0000000000 1.0000000000
28784 53.0000000000 1.0000000000
30332 55.0000000000 1.0000000000
30793 57.0000000000 1.0000000000
33890 61.0000000000 1.0000000000
34497 62.0000000000 1.0000000000
34862 64.0000000000 1.0000000000
35137 69.0000000000 1.0000000000
36309 70.0000000000 1.0000000000
37168 71.0000000000 1.0000000000
37610 73.0000000000 1.0000000000
44605 74.0000000000 1.0000000000
44692 80.0000000000 1.0000000000
45388 81.0000000000 1.0000000000
47494 83.0000000000 1.0000000000
47904 84.0000000000 1.0000000000
48093 85.0000000000 1.0000000000
48204 86.0000000000 1.0000000000
48721 88.0000000000 1.0000000000
49723 89.0000000000 1.0000000000
49851 90.0000000000 1.0000000000
56747 93.0000000000 1.0000000000
62603 95.0000000000 1.0000000000
63130 96.0000000000 1.0000000000
63663 97.0000000000 1.0000000000
64195 98.0000000000 1.0000000000
64322 99.0000000000 1.0000000000
66727 100.0000000000 1.0000000000
evaluations raw_y evaporation_rate
1 1.0000000000 1.0000000000
352 5.0000000000 1.0000000000
2041 7.0000000000 1.0000000000
2130 9.0000000000 1.0000000000
4125 11.0000000000 1.0000000000
5282 13.0000000000 1.0000000000
5649 14.0000000000 1.0000000000
7706 17.0000000000 1.0000000000
9568 18.0000000000 1.0000000000
10880 21.0000000000 1.0000000000
12012 23.0000000000 1.0000000000
12137 26.0000000000 1.0000000000
12303 28.0000000000 1.0000000000
13198 38.0000000000 1.0000000000
14155 40.0000000000 1.0000000000
14585 43.0000000000 1.0000000000
14593 49.0000000000 1.0000000000
14638 50.0000000000 1.0000000000
19673 53.0000000000 1.0000000000
20674 55.0000000000 1.0000000000
20688 57.0000000000 1.0000000000
23801 60.0000000000 1.0000000000
24156 64.0000000000 1.0000000000
24319 66.0000000000 1.0000000000
27355 67.0000000000 1.0000000000
27405 69.0000000000 1.0000000000
27694 73.0000000000 1.0000000000
27872 77.0000000000 1.0000000000
28685 81.0000000000 1.0000000000
28808 85.0000000000 1.0000000000
29313 87.0000000000 1.0000000000
30635 89.0000000000 1.0000000000
31618 93.0000000000 1.0000000000
31871 95.0000000000 1.0000000000
31903 99.0000000000 1.0000000000
33492 100.0000000000 1.0000000000
