evaluations raw_y evaporation_rate
1 2373.0000000000 1.0000000000
55 2413.0000000000 1.0000000000
60 2486.0000000000 1.0000000000
72 2530.0000000000 1.0000000000
115 2579.0000000000 1.0000000000
120 2598.0000000000 1.0000000000
137 2601.0000000000 1.0000000000
151 2605.0000000000 1.0000000000
155 2696.0000000000 1.0000000000
195 2750.0000000000 1.0000000000
202 2800.0000000000 1.0000000000
238 2884.0000000000 1.0000000000
296 2978.0000000000 1.0000000000
306 2989.0000000000 1.0000000000
346 3050.0000000000 1.0000000000
395 3052.0000000000 1.0000000000
440 3109.0000000000 1.0000000000
467 3133.0000000000 1.0000000000
468 3143.0000000000 1.0000000000
486 3173.0000000000 1.0000000000
491 3212.0000000000 1.0000000000
525 3283.0000000000 1.0000000000
577 3381.0000000000 1.0000000000
592 3467.0000000000 1.0000000000
642 3472.0000000000 1.0000000000
643 3494.0000000000 1.0000000000
644 3522.0000000000 1.0000000000
726 3564.0000000000 1.0000000000
755 3642.0000000000 1.0000000000
787 3679.0000000000 1.0000000000
853 3724.0000000000 1.0000000000
921 3784.0000000000 1.0000000000
925 3859.0000000000 1.0000000000
1163 3918.0000000000 1.0000000000
1418 3969.0000000000 1.0000000000
1526 4066.0000000000 1.0000000000
1609 4135.0000000000 1.0000000000
1621 4222.0000000000 1.0000000000
1743 4230.0000000000 1.0000000000
1747 4236.0000000000 1.0000000000
1756 4326.0000000000 1.0000000000
1902 4402.0000000000 1.0000000000
1915 4454.0000000000 1.0000000000
1927 4497.0000000000 1.0000000000
1994 4585.0000000000 1.0000000000
2004 4612.0000000000 1.0000000000
2047 4691.0000000000 1.0000000000
2120 4756.0000000000 1.0000000000
2216 4809.0000000000 1.0000000000
2273 4883.0000000000 1.0000000000
2300 4909.0000000000 1.0000000000
2354 4938.0000000000 1.0000000000
2440 4955.0000000000 1.0000000000
2492 5003.0000000000 1.0000000000
7486 5004.0000000000 1.0000000000
10804 5050.0000000000 1.0000000000
evaluations raw_y evaporation_rate
1 2822.0000000000 1.0000000000
31 2876.0000000000 1.0000000000
38 2908.0000000000 1.0000000000
71 2912.0000000000 1.0000000000
74 2926.0000000000 1.0000000000
89 2955.0000000000 1.0000000000
100 2975.0000000000 1.0000000000
102 3072.0000000000 1.0000000000
104 3124.0000000000 1.0000000000
122 3204.0000000000 1.0000000000
146 3260.0000000000 1.0000000000
161 3331.0000000000 1.0000000000
187 3407.0000000000 1.0000000000
191 3476.0000000000 1.0000000000
215 3506.0000000000 1.0000000000
218 3561.0000000000 1.0000000000
227 3660.0000000000 1.0000000000
266 3695.0000000000 1.0000000000
402 3739.0000000000 1.0000000000
429 3782.0000000000 1.0000000000
437 3803.0000000000 1.0000000000
527 3885.0000000000 1.0000000000
545 3938.0000000000 1.0000000000
563 3950.0000000000 1.0000000000
600 3990.0000000000 1.0000000000
651 4026.0000000000 1.0000000000
673 4035.0000000000 1.0000000000
712 4107.0000000000 1.0000000000
825 4173.0000000000 1.0000000000
840 4232.0000000000 1.0000000000
939 4295.0000000000 1.0000000000
1109 4349.0000000000 1.0000000000
1136 4444.0000000000 1.0000000000
1170 4511.0000000000 1.0000000000
1174 4527.0000000000 1.0000000000
1194 4584.0000000000 1.0000000000
1391 4631.0000000000 1.0000000000
1404 4632.0000000000 1.0000000000
1412 4638.0000000000 1.0000000000
1431 4702.0000000000 1.0000000000
1678 4707.0000000000 1.0000000000
1767 4756.0000000000 1.0000000000
1798 4830.0000000000 1.0000000000
1833 4861.0000000000 1.0000000000
2460 4869.0000000000 1.0000000000
3072 4883.0000000000 1.0000000000
3945 4942.0000000000 1.0000000000
4039 5017.0000000000 1.0000000000
6717 5048.0000000000 1.0000000000
9446 5050.0000000000 1.0000000000
evaluations raw_y evaporation_rate
1 2326.0000000000 1.0000000000
11 2333.0000000000 1.0000000000
88 2360.0000000000 1.0000000000
93 2382.0000000000 1.0000000000
99 2421.0000000000 1.0000000000
107 2492.0000000000 1.0000000000
110 2567.0000000000 1.0000000000
177 2573.0000000000 1.0000000000
192 2672.0000000000 1.0000000000
197 2700.0000000000 1.0000000000
233 2751.0000000000 1.0000000000
252 2828.0000000000 1.0000000000
259 2834.0000000000 1.0000000000
275 2889.0000000000 1.0000000000
283 2941.0000000000 1.0000000000
290 2984.0000000000 1.0000000000
329 3002.0000000000 1.0000000000
337 3046.0000000000 1.0000000000
351 3070.0000000000 1.0000000000
353 3095.0000000000 1.0000000000
414 3164.0000000000 1.0000000000
457 3257.0000000000 1.0000000000
502 3336.0000000000 1.0000000000
534 3390.0000000000 1.0000000000
548 3393.0000000000 1.0000000000
653 3483.0000000000 1.0000000000
737 3520.0000000000 1.0000000000
771 3604.0000000000 1.0000000000
780 3625.0000000000 1.0000000000
795 3686.0000000000 1.0000000000
842 3768.0000000000 1.0000000000
918 3818.0000000000 1.0000000000
921 3875.0000000000 1.0000000000
951 3945.0000000000 1.0000000000
1030 3963.0000000000 1.0000000000
1062 4051.0000000000 1.0000000000
1069 4132.0000000000 1.0000000000
1110 4168.0000000000 1.0000000000
1251 4203.0000000000 1.0000000000
1273 4236.0000000000 1.0000000000
1283 4244.0000000000 1.0000000000
1390 4324.0000000000 1.0000000000
1398 4396.0000000000 1.0000000000
1415 4436.0000000000 1.0000000000
1720 4437.0000000000 1.0000000000
1768 4523.0000000000 1.0000000000
1889 4553.0000000000 1.0000000000
1897 4611.0000000000 1.0000000000
1910 4678.0000000000 1.0000000000
1936 4765.0000000000 1.0000000000
1965 4839.0000000000 1.0000000000
2041 4877.0000000000 1.0000000000
2052 4890.0000000000 1.0000000000
2459 4946.0000000000 1.0000000000
2538 4987.0000000000 1.0000000000
3276 5050.0000000000 1.0000000000
evaluations raw_y evaporation_rate
1 2406.0000000000 1.0000000000
8 2504.0000000000 1.0000000000
40 2581.0000000000 1.0000000000
66 2607.0000000000 1.0000000000
79 2632.0000000000 1.0000000000
90 2656.0000000000 1.0000000000
104 2679.0000000000 1.0000000000
105 2742.0000000000 1.0000000000
153 2777.0000000000 1.0000000000
166 2833.0000000000 1.0000000000
217 2842.0000000000 1.0000000000
243 2932.0000000000 1.0000000000
314 3008.0000000000 1.0000000000
338 3067.0000000000 1.0000000000
392 3113.0000000000 1.0000000000
398 3210.0000000000 1.0000000000
424 3221.0000000000 1.0000000000
454 3231.0000000000 1.0000000000
460 3297.0000000000 1.0000000000
477 3362.0000000000 1.0000000000
531 3391.0000000000 1.0000000000
541 3477.0000000000 1.0000000000
658 3492.0000000000 1.0000000000
687 3552.0000000000 1.0000000000
692 3637.0000000000 1.0000000000
708 3708.0000000000 1.0000000000
782 3740.0000000000 1.0000000000
792 3770.0000000000 1.0000000000
809 3810.0000000000 1.0000000000
824 3899.0000000000 1.0000000000
840 3987.0000000000 1.0000000000
932 4069.0000000000 1.0000000000
995 4091.0000000000 1.0000000000
1031 4149.0000000000 1.0000000000
1280 4221.0000000000 1.0000000000
1344 4258.0000000000 1.0000000000
1352 4301.0000000000 1.0000000000
1478 4369.0000000000 1.0000000000
1563 4383.0000000000 1.0000000000
1652 4417.0000000000 1.0000000000
1729 4445.0000000000 1.0000000000
1730 4465.0000000000 1.0000000000
1826 4545.0000000000 1.0000000000
1941 4590.0000000000 1.0000000000
1999 4639.0000000000 1.0000000000
2028 4734.0000000000 1.0000000000
2186 4738.0000000000 1.0000000000
2218 4834.0000000000 1.0000000000
2487 4873.0000000000 1.0000000000
2594 4972.0000000000 1.0000000000
2718 4977.0000000000 1.0000000000
2744 5008.0000000000 1.0000000000
2831 5050.0000000000 1.0000000000
evaluations raw_y evaporation_rate
1 2761.0000000000 1.0000000000
6 2782.0000000000 1.0000000000
24 2860.0000000000 1.0000000000
30 2929.0000000000 1.0000000000
47 3000.0000000000 1.0000000000
91 3026.0000000000 1.0000000000
97 3054.0000000000 1.0000000000
110 3148.0000000000 1.0000000000
126 3240.0000000000 1.0000000000
134 3299.0000000000 1.0000000000
137 3304.0000000000 1.0000000000
197 3315.0000000000 1.0000000000
212 3405.0000000000 1.0000000000
229 3473.0000000000 1.0000000000
306 3507.0000000000 1.0000000000
337 3603.0000000000 1.0000000000
344 3679.0000000000 1.0000000000
348 3698.0000000000 1.0000000000
378 3710.0000000000 1.0000000000
381 3750.0000000000 1.0000000000
471 3783.0000000000 1.0000000000
508 3801.0000000000 1.0000000000
532 3895.0000000000 1.0000000000
539 3919.0000000000 1.0000000000
553 3932.0000000000 1.0000000000
615 4012.0000000000 1.0000000000
827 4029.0000000000 1.0000000000
899 4067.0000000000 1.0000000000
900 4140.0000000000 1.0000000000
984 4148.0000000000 1.0000000000
1034 4179.0000000000 1.0000000000
1134 4253.0000000000 1.0000000000
1212 4304.0000000000 1.0000000000
1237 4370.0000000000 1.0000000000
1255 4407.0000000000 1.0000000000
1516 4484.0000000000 1.0000000000
1864 4563.0000000000 1.0000000000
2046 4580.0000000000 1.0000000000
2081 4589.0000000000 1.0000000000
2294 4621.0000000000 1.0000000000
2330 4676.0000000000 1.0000000000
2334 4737.0000000000 1.0000000000
2400 4768.0000000000 1.0000000000
2438 4831.0000000000 1.0000000000
2476 4854.0000000000 1.0000000000
2508 4893.0000000000 1.0000000000
2706 4942.0000000000 1.0000000000
3291 4988.0000000000 1.0000000000
5614 4997.0000000000 1.0000000000
7278 5050.0000000000 1.0000000000
evaluations raw_y evaporation_rate
1 2658.0000000000 1.0000000000
14 2694.0000000000 1.0000000000
58 2759.0000000000 1.0000000000
103 2854.0000000000 1.0000000000
121 2943.0000000000 1.0000000000
128 2949.0000000000 1.0000000000
164 3031.0000000000 1.0000000000
208 3085.0000000000 1.0000000000
225 3168.0000000000 1.0000000000
228 3207.0000000000 1.0000000000
248 3253.0000000000 1.0000000000
315 3324.0000000000 1.0000000000
349 3340.0000000000 1.0000000000
378 3371.0000000000 1.0000000000
388 3419.0000000000 1.0000000000
480 3486.0000000000 1.0000000000
507 3563.0000000000 1.0000000000
553 3655.0000000000 1.0000000000
595 3707.0000000000 1.0000000000
615 3749.0000000000 1.0000000000
671 3817.0000000000 1.0000000000
700 3854.0000000000 1.0000000000
724 3895.0000000000 1.0000000000
740 3961.0000000000 1.0000000000
747 4036.0000000000 1.0000000000
749 4089.0000000000 1.0000000000
888 4103.0000000000 1.0000000000
951 4146.0000000000 1.0000000000
988 4173.0000000000 1.0000000000
1034 4220.0000000000 1.0000000000
1145 4308.0000000000 1.0000000000
1176 4311.0000000000 1.0000000000
1203 4324.0000000000 1.0000000000
1440 4418.0000000000 1.0000000000
1542 4505.0000000000 1.0000000000
1569 4602.0000000000 1.0000000000
1572 4614.0000000000 1.0000000000
1619 4687.0000000000 1.0000000000
1891 4721.0000000000 1.0000000000
2067 4772.0000000000 1.0000000000
2091 4804.0000000000 1.0000000000
2170 4862.0000000000 1.0000000000
2368 4867.0000000000 1.0000000000
3353 4966.0000000000 1.0000000000
3399 4988.0000000000 1.0000000000
4580 5050.0000000000 1.0000000000
evaluations raw_y evaporation_rate
1 2445.0000000000 1.0000000000
4 2484.0000000000 1.0000000000
12 2574.0000000000 1.0000000000
33 2657.0000000000 1.0000000000
39 2735.0000000000 1.0000000000
59 2781.0000000000 1.0000000000
60 2878.0000000000 1.0000000000
65 2943.0000000000 1.0000000000
81 2990.0000000000 1.0000000000
100 3034.0000000000 1.0000000000
129 3116.0000000000 1.0000000000
142 3118.0000000000 1.0000000000
188 3178.0000000000 1.0000000000
211 3235.0000000000 1.0000000000
267 3273.0000000000 1.0000000000
357 3322.0000000000 1.0000000000
360 3383.0000000000 1.0000000000
368 3395.0000000000 1.0000000000
394 3468.0000000000 1.0000000000
440 3503.0000000000 1.0000000000
502 3535.0000000000 1.0000000000
509 3586.0000000000 1.0000000000
514 3681.0000000000 1.0000000000
561 3710.0000000000 1.0000000000
632 3715.0000000000 1.0000000000
638 3794.0000000000 1.0000000000
651 3802.0000000000 1.0000000000
652 3883.0000000000 1.0000000000
671 3949.0000000000 1.0000000000
718 3953.0000000000 1.0000000000
727 4104.0000000000 1.0000000000
758 4194.0000000000 1.0000000000
765 4265.0000000000 1.0000000000
836 4345.0000000000 1.0000000000
933 4351.0000000000 1.0000000000
944 4399.0000000000 1.0000000000
1224 4418.0000000000 1.0000000000
1251 4435.0000000000 1.0000000000
1284 4493.0000000000 1.0000000000
1365 4494.0000000000 1.0000000000
1391 4505.0000000000 1.0000000000
1423 4572.0000000000 1.0000000000
1430 4636.0000000000 1.0000000000
1452 4679.0000000000 1.0000000000
1601 4689.0000000000 1.0000000000
1723 4752.0000000000 1.0000000000
1956 4768.0000000000 1.0000000000
2106 4790.0000000000 1.0000000000
2349 4886.0000000000 1.0000000000
2798 4958.0000000000 1.0000000000
4913 5047.0000000000 1.0000000000
6850 5050.0000000000 1.0000000000
evaluations raw_y evaporation_rate
1 3187.0000000000 1.0000000000
6 3285.0000000000 1.0000000000
20 3294.0000000000 1.0000000000
25 3365.0000000000 1.0000000000
50 3371.0000000000 1.0000000000
67 3497.0000000000 1.0000000000
88 3559.0000000000 1.0000000000
128 3586.0000000000 1.0000000000
149 3616.0000000000 1.0000000000
171 3638.0000000000 1.0000000000
193 3645.0000000000 1.0000000000
216 3665.0000000000 1.0000000000
219 3686.0000000000 1.0000000000
235 3689.0000000000 1.0000000000
247 3748.0000000000 1.0000000000
270 3812.0000000000 1.0000000000
332 3897.0000000000 1.0000000000
334 3932.0000000000 1.0000000000
367 4029.0000000000 1.0000000000
417 4037.0000000000 1.0000000000
440 4092.0000000000 1.0000000000
466 4131.0000000000 1.0000000000
495 4175.0000000000 1.0000000000
606 4208.0000000000 1.0000000000
663 4256.0000000000 1.0000000000
781 4348.0000000000 1.0000000000
921 4426.0000000000 1.0000000000
963 4441.0000000000 1.0000000000
1007 4550.0000000000 1.0000000000
1110 4555.0000000000 1.0000000000
1177 4630.0000000000 1.0000000000
1251 4634.0000000000 1.0000000000
1294 4707.0000000000 1.0000000000
1350 4724.0000000000 1.0000000000
2078 4747.0000000000 1.0000000000
2113 4776.0000000000 1.0000000000
2193 4793.0000000000 1.0000000000
2260 4858.0000000000 1.0000000000
2270 4947.0000000000 1.0000000000
2543 4948.0000000000 1.0000000000
2869 4999.0000000000 1.0000000000
5178 5040.0000000000 1.0000000000
6565 5050.0000000000 1.0000000000
evaluations raw_y evaporation_rate
1 2486.0000000000 1.0000000000
10 2489.0000000000 1.0000000000
45 2556.0000000000 1.0000000000
50 2621.0000000000 1.0000000000
52 2639.0000000000 1.0000000000
82 2712.0000000000 1.0000000000
102 2791.0000000000 1.0000000000
105 2832.0000000000 1.0000000000
122 2838.0000000000 1.0000000000
133 2880.0000000000 1.0000000000
175 2917.0000000000 1.0000000000
190 2989.0000000000 1.0000000000
211 3040.0000000000 1.0000000000
217 3095.0000000000 1.0000000000
240 3141.0000000000 1.0000000000
244 3175.0000000000 1.0000000000
276 3233.0000000000 1.0000000000
343 3235.0000000000 1.0000000000
382 3289.0000000000 1.0000000000
399 3316.0000000000 1.0000000000
535 3348.0000000000 1.0000000000
536 3349.0000000000 1.0000000000
574 3430.0000000000 1.0000000000
579 3515.0000000000 1.0000000000
640 3601.0000000000 1.0000000000
647 3679.0000000000 1.0000000000
653 3709.0000000000 1.0000000000
760 3728.0000000000 1.0000000000
790 3735.0000000000 1.0000000000
839 3798.0000000000 1.0000000000
927 3803.0000000000 1.0000000000
991 3860.0000000000 1.0000000000
1105 3889.0000000000 1.0000000000
1147 3922.0000000000 1.0000000000
1239 4021.0000000000 1.0000000000
1331 4036.0000000000 1.0000000000
1407 4060.0000000000 1.0000000000
1422 4104.0000000000 1.0000000000
1445 4160.0000000000 1.0000000000
1454 4244.0000000000 1.0000000000
1538 4258.0000000000 1.0000000000
1594 4313.0000000000 1.0000000000
1603 4396.0000000000 1.0000000000
1693 4476.0000000000 1.0000000000
1849 4499.0000000000 1.0000000000
1880 4516.0000000000 1.0000000000
2067 4559.0000000000 1.0000000000
2178 4655.0000000000 1.0000000000
2238 4690.0000000000 1.0000000000
2667 4751.0000000000 1.0000000000
2677 4838.0000000000 1.0000000000
2902 4907.0000000000 1.0000000000
2938 4921.0000000000 1.0000000000
3022 4934.0000000000 1.0000000000
4761 4984.0000000000 1.0000000000
4843 5050.0000000000 1.0000000000
evaluations raw_y evaporation_rate
1 2562.0000000000 1.0000000000
41 2594.0000000000 1.0000000000
65 2675.0000000000 1.0000000000
93 2724.0000000000 1.0000000000
97 2760.0000000000 1.0000000000
105 2774.0000000000 1.0000000000
114 2857.0000000000 1.0000000000
126 2913.0000000000 1.0000000000
142 2952.0000000000 1.0000000000
156 3015.0000000000 1.0000000000
166 3086.0000000000 1.0000000000
180 3152.0000000000 1.0000000000
223 3209.0000000000 1.0000000000
281 3300.0000000000 1.0000000000
290 3388.0000000000 1.0000000000
315 3410.0000000000 1.0000000000
333 3468.0000000000 1.0000000000
345 3508.0000000000 1.0000000000
358 3586.0000000000 1.0000000000
375 3647.0000000000 1.0000000000
377 3690.0000000000 1.0000000000
405 3785.0000000000 1.0000000000
492 3820.0000000000 1.0000000000
528 3904.0000000000 1.0000000000
556 3915.0000000000 1.0000000000
650 3970.0000000000 1.0000000000
707 3995.0000000000 1.0000000000
794 4063.0000000000 1.0000000000
801 4066.0000000000 1.0000000000
1019 4156.0000000000 1.0000000000
1061 4207.0000000000 1.0000000000
1078 4260.0000000000 1.0000000000
1209 4297.0000000000 1.0000000000
1221 4390.0000000000 1.0000000000
1232 4437.0000000000 1.0000000000
1275 4456.0000000000 1.0000000000
1506 4530.0000000000 1.0000000000
1523 4543.0000000000 1.0000000000
1592 4635.0000000000 1.0000000000
1602 4642.0000000000 1.0000000000
1661 4662.0000000000 1.0000000000
1675 4705.0000000000 1.0000000000
1731 4714.0000000000 1.0000000000
1975 4781.0000000000 1.0000000000
1994 4845.0000000000 1.0000000000
2247 4882.0000000000 1.0000000000
2559 4899.0000000000 1.0000000000
3232 4971.0000000000 1.0000000000
3329 4977.0000000000 1.0000000000
3695 4981.0000000000 1.0000000000
4042 5020.0000000000 1.0000000000
7009 5050.0000000000 1.0000000000
evaluations raw_y evaporation_rate
1 2373.0000000000 0.1000000000
5 2609.0000000000 0.1000000000
9 2976.0000000000 0.1000000000
24 3016.0000000000 0.1000000000
27 3214.0000000000 0.1000000000
37 3221.0000000000 0.1000000000
40 3316.0000000000 0.1000000000
55 3369.0000000000 0.1000000000
58 3384.0000000000 0.1000000000
60 3389.0000000000 0.1000000000
63 3429.0000000000 0.1000000000
72 3486.0000000000 0.1000000000
80 3522.0000000000 0.1000000000
115 3571.0000000000 0.1000000000
120 3590.0000000000 0.1000000000
151 3594.0000000000 0.1000000000
154 3671.0000000000 0.1000000000
155 3675.0000000000 0.1000000000
179 3743.0000000000 0.1000000000
238 3827.0000000000 0.1000000000
296 3921.0000000000 0.1000000000
395 3923.0000000000 0.1000000000
440 3980.0000000000 0.1000000000
467 4004.0000000000 0.1000000000
491 4043.0000000000 0.1000000000
525 4114.0000000000 0.1000000000
537 4180.0000000000 0.1000000000
570 4213.0000000000 0.1000000000
592 4299.0000000000 0.1000000000
643 4321.0000000000 0.1000000000
755 4399.0000000000 0.1000000000
800 4461.0000000000 0.1000000000
853 4506.0000000000 0.1000000000
1223 4531.0000000000 0.1000000000
1418 4582.0000000000 0.1000000000
1609 4651.0000000000 0.1000000000
1743 4659.0000000000 0.1000000000
1902 4735.0000000000 0.1000000000
1927 4778.0000000000 0.1000000000
2004 4805.0000000000 0.1000000000
2325 4811.0000000000 0.1000000000
2550 4826.0000000000 0.1000000000
2772 4919.0000000000 0.1000000000
3549 4977.0000000000 0.1000000000
4372 4993.0000000000 0.1000000000
6955 5004.0000000000 0.1000000000
10804 5050.0000000000 0.1000000000
evaluations raw_y evaporation_rate
1 2822.0000000000 0.1000000000
12 2925.0000000000 0.1000000000
13 2965.0000000000 0.1000000000
17 3276.0000000000 0.1000000000
26 3350.0000000000 0.1000000000
28 3472.0000000000 0.1000000000
35 3511.0000000000 0.1000000000
37 3593.0000000000 0.1000000000
47 3612.0000000000 0.1000000000
50 3659.0000000000 0.1000000000
59 3674.0000000000 0.1000000000
61 3734.0000000000 0.1000000000
72 3741.0000000000 0.1000000000
89 3770.0000000000 0.1000000000
104 3822.0000000000 0.1000000000
161 3893.0000000000 0.1000000000
187 3898.0000000000 0.1000000000
192 3969.0000000000 0.1000000000
215 3999.0000000000 0.1000000000
218 4024.0000000000 0.1000000000
234 4054.0000000000 0.1000000000
266 4089.0000000000 0.1000000000
429 4132.0000000000 0.1000000000
503 4186.0000000000 0.1000000000
527 4268.0000000000 0.1000000000
563 4280.0000000000 0.1000000000
600 4320.0000000000 0.1000000000
651 4356.0000000000 0.1000000000
673 4365.0000000000 0.1000000000
712 4437.0000000000 0.1000000000
1136 4532.0000000000 0.1000000000
1143 4564.0000000000 0.1000000000
1174 4580.0000000000 0.1000000000
1194 4637.0000000000 0.1000000000
1235 4710.0000000000 0.1000000000
1404 4711.0000000000 0.1000000000
1412 4717.0000000000 0.1000000000
1431 4781.0000000000 0.1000000000
1678 4786.0000000000 0.1000000000
1767 4835.0000000000 0.1000000000
1798 4909.0000000000 0.1000000000
1833 4940.0000000000 0.1000000000
2471 4944.0000000000 0.1000000000
3072 4958.0000000000 0.1000000000
3945 5017.0000000000 0.1000000000
3946 5048.0000000000 0.1000000000
9446 5050.0000000000 0.1000000000
evaluations raw_y evaporation_rate
1 2326.0000000000 0.1000000000
2 2758.0000000000 0.1000000000
3 2816.0000000000 0.1000000000
7 2886.0000000000 0.1000000000
8 2942.0000000000 0.1000000000
9 3221.0000000000 0.1000000000
24 3235.0000000000 0.1000000000
27 3253.0000000000 0.1000000000
29 3639.0000000000 0.1000000000
39 3646.0000000000 0.1000000000
47 3649.0000000000 0.1000000000
49 3706.0000000000 0.1000000000
57 3776.0000000000 0.1000000000
61 3779.0000000000 0.1000000000
88 3806.0000000000 0.1000000000
107 3877.0000000000 0.1000000000
174 3918.0000000000 0.1000000000
197 3946.0000000000 0.1000000000
233 3997.0000000000 0.1000000000
257 4019.0000000000 0.1000000000
290 4062.0000000000 0.1000000000
292 4087.0000000000 0.1000000000
328 4091.0000000000 0.1000000000
329 4105.0000000000 0.1000000000
457 4198.0000000000 0.1000000000
519 4263.0000000000 0.1000000000
524 4272.0000000000 0.1000000000
653 4362.0000000000 0.1000000000
737 4399.0000000000 0.1000000000
795 4460.0000000000 0.1000000000
798 4464.0000000000 0.1000000000
1062 4552.0000000000 0.1000000000
1160 4562.0000000000 0.1000000000
1283 4570.0000000000 0.1000000000
1351 4572.0000000000 0.1000000000
1390 4652.0000000000 0.1000000000
1398 4724.0000000000 0.1000000000
1415 4764.0000000000 0.1000000000
1524 4787.0000000000 0.1000000000
1964 4798.0000000000 0.1000000000
2041 4836.0000000000 0.1000000000
2459 4892.0000000000 0.1000000000
2654 4987.0000000000 0.1000000000
3276 5050.0000000000 0.1000000000
evaluations raw_y evaporation_rate
1 2406.0000000000 0.1000000000
2 2498.0000000000 0.1000000000
3 2557.0000000000 0.1000000000
8 3039.0000000000 0.1000000000
11 3223.0000000000 0.1000000000
22 3365.0000000000 0.1000000000
36 3404.0000000000 0.1000000000
37 3490.0000000000 0.1000000000
53 3495.0000000000 0.1000000000
57 3541.0000000000 0.1000000000
79 3566.0000000000 0.1000000000
104 3589.0000000000 0.1000000000
105 3629.0000000000 0.1000000000
153 3664.0000000000 0.1000000000
217 3673.0000000000 0.1000000000
243 3763.0000000000 0.1000000000
314 3839.0000000000 0.1000000000
338 3898.0000000000 0.1000000000
361 3953.0000000000 0.1000000000
378 4051.0000000000 0.1000000000
400 4074.0000000000 0.1000000000
407 4092.0000000000 0.1000000000
419 4115.0000000000 0.1000000000
449 4132.0000000000 0.1000000000
454 4142.0000000000 0.1000000000
477 4207.0000000000 0.1000000000
558 4240.0000000000 0.1000000000
636 4307.0000000000 0.1000000000
658 4322.0000000000 0.1000000000
687 4382.0000000000 0.1000000000
733 4385.0000000000 0.1000000000
782 4417.0000000000 0.1000000000
810 4447.0000000000 0.1000000000
1069 4455.0000000000 0.1000000000
1121 4474.0000000000 0.1000000000
1332 4476.0000000000 0.1000000000
1352 4519.0000000000 0.1000000000
1563 4533.0000000000 0.1000000000
1730 4553.0000000000 0.1000000000
1826 4633.0000000000 0.1000000000
2028 4728.0000000000 0.1000000000
2186 4732.0000000000 0.1000000000
2218 4828.0000000000 0.1000000000
2547 4876.0000000000 0.1000000000
2594 4975.0000000000 0.1000000000
2924 5037.0000000000 0.1000000000
3384 5050.0000000000 0.1000000000
evaluations raw_y evaporation_rate
1 2013.0000000000 0.1000000000
2 2770.0000000000 0.1000000000
4 2950.0000000000 0.1000000000
15 3084.0000000000 0.1000000000
24 3169.0000000000 0.1000000000
32 3247.0000000000 0.1000000000
34 3286.0000000000 0.1000000000
39 3449.0000000000 0.1000000000
49 3517.0000000000 0.1000000000
55 3567.0000000000 0.1000000000
60 3587.0000000000 0.1000000000
64 3623.0000000000 0.1000000000
77 3637.0000000000 0.1000000000
97 3647.0000000000 0.1000000000
110 3710.0000000000 0.1000000000
227 3714.0000000000 0.1000000000
257 3744.0000000000 0.1000000000
291 3806.0000000000 0.1000000000
372 3828.0000000000 0.1000000000
435 3865.0000000000 0.1000000000
554 3885.0000000000 0.1000000000
617 3901.0000000000 0.1000000000
659 3952.0000000000 0.1000000000
701 4010.0000000000 0.1000000000
754 4067.0000000000 0.1000000000
784 4136.0000000000 0.1000000000
853 4170.0000000000 0.1000000000
923 4254.0000000000 0.1000000000
996 4336.0000000000 0.1000000000
1042 4380.0000000000 0.1000000000
1291 4399.0000000000 0.1000000000
1362 4466.0000000000 0.1000000000
1473 4469.0000000000 0.1000000000
1484 4474.0000000000 0.1000000000
1741 4506.0000000000 0.1000000000
1777 4561.0000000000 0.1000000000
1781 4622.0000000000 0.1000000000
1881 4648.0000000000 0.1000000000
1885 4685.0000000000 0.1000000000
1888 4694.0000000000 0.1000000000
1891 4720.0000000000 0.1000000000
1947 4721.0000000000 0.1000000000
1955 4759.0000000000 0.1000000000
1956 4760.0000000000 0.1000000000
2014 4836.0000000000 0.1000000000
2494 4857.0000000000 0.1000000000
2668 4864.0000000000 0.1000000000
3305 4909.0000000000 0.1000000000
3916 4969.0000000000 0.1000000000
5168 5050.0000000000 0.1000000000
evaluations raw_y evaporation_rate
1 2395.0000000000 0.1000000000
2 2619.0000000000 0.1000000000
5 2896.0000000000 0.1000000000
6 3014.0000000000 0.1000000000
13 3081.0000000000 0.1000000000
15 3398.0000000000 0.1000000000
29 3460.0000000000 0.1000000000
33 3640.0000000000 0.1000000000
39 3677.0000000000 0.1000000000
41 3712.0000000000 0.1000000000
47 3775.0000000000 0.1000000000
56 3816.0000000000 0.1000000000
87 3826.0000000000 0.1000000000
95 3846.0000000000 0.1000000000
121 3865.0000000000 0.1000000000
149 3898.0000000000 0.1000000000
152 3921.0000000000 0.1000000000
171 3954.0000000000 0.1000000000
233 3971.0000000000 0.1000000000
251 3972.0000000000 0.1000000000
373 4020.0000000000 0.1000000000
404 4064.0000000000 0.1000000000
441 4145.0000000000 0.1000000000
446 4203.0000000000 0.1000000000
480 4234.0000000000 0.1000000000
485 4245.0000000000 0.1000000000
543 4258.0000000000 0.1000000000
545 4276.0000000000 0.1000000000
559 4289.0000000000 0.1000000000
623 4312.0000000000 0.1000000000
639 4321.0000000000 0.1000000000
662 4326.0000000000 0.1000000000
732 4383.0000000000 0.1000000000
787 4405.0000000000 0.1000000000
942 4432.0000000000 0.1000000000
975 4479.0000000000 0.1000000000
983 4500.0000000000 0.1000000000
1040 4502.0000000000 0.1000000000
1125 4534.0000000000 0.1000000000
1313 4612.0000000000 0.1000000000
1557 4665.0000000000 0.1000000000
2082 4739.0000000000 0.1000000000
2474 4754.0000000000 0.1000000000
2550 4761.0000000000 0.1000000000
2885 4787.0000000000 0.1000000000
2951 4815.0000000000 0.1000000000
3448 4849.0000000000 0.1000000000
3624 4900.0000000000 0.1000000000
3697 4986.0000000000 0.1000000000
5197 5050.0000000000 0.1000000000
evaluations raw_y evaporation_rate
1 2225.0000000000 0.1000000000
2 2545.0000000000 0.1000000000
4 2611.0000000000 0.1000000000
7 3252.0000000000 0.1000000000
20 3256.0000000000 0.1000000000
22 3323.0000000000 0.1000000000
27 3415.0000000000 0.1000000000
35 3551.0000000000 0.1000000000
40 3568.0000000000 0.1000000000
45 3663.0000000000 0.1000000000
57 3709.0000000000 0.1000000000
62 3745.0000000000 0.1000000000
71 3768.0000000000 0.1000000000
130 3821.0000000000 0.1000000000
173 3825.0000000000 0.1000000000
188 3900.0000000000 0.1000000000
189 3904.0000000000 0.1000000000
192 3916.0000000000 0.1000000000
252 3974.0000000000 0.1000000000
327 3989.0000000000 0.1000000000
387 4048.0000000000 0.1000000000
475 4114.0000000000 0.1000000000
592 4124.0000000000 0.1000000000
637 4209.0000000000 0.1000000000
787 4219.0000000000 0.1000000000
793 4302.0000000000 0.1000000000
887 4326.0000000000 0.1000000000
944 4365.0000000000 0.1000000000
1128 4425.0000000000 0.1000000000
1150 4456.0000000000 0.1000000000
1265 4483.0000000000 0.1000000000
1380 4518.0000000000 0.1000000000
1454 4613.0000000000 0.1000000000
1501 4642.0000000000 0.1000000000
1538 4728.0000000000 0.1000000000
1780 4812.0000000000 0.1000000000
1873 4818.0000000000 0.1000000000
2015 4843.0000000000 0.1000000000
2146 4880.0000000000 0.1000000000
2199 4913.0000000000 0.1000000000
2333 4953.0000000000 0.1000000000
3353 4998.0000000000 0.1000000000
3862 5050.0000000000 0.1000000000
evaluations raw_y evaporation_rate
1 2585.0000000000 0.1000000000
5 3063.0000000000 0.1000000000
10 3371.0000000000 0.1000000000
30 3492.0000000000 0.1000000000
36 3509.0000000000 0.1000000000
40 3586.0000000000 0.1000000000
50 3628.0000000000 0.1000000000
53 3646.0000000000 0.1000000000
55 3762.0000000000 0.1000000000
59 3806.0000000000 0.1000000000
92 3822.0000000000 0.1000000000
125 3832.0000000000 0.1000000000
139 3849.0000000000 0.1000000000
140 3859.0000000000 0.1000000000
212 3916.0000000000 0.1000000000
276 3942.0000000000 0.1000000000
283 3947.0000000000 0.1000000000
286 3973.0000000000 0.1000000000
295 4036.0000000000 0.1000000000
325 4103.0000000000 0.1000000000
379 4156.0000000000 0.1000000000
416 4242.0000000000 0.1000000000
448 4282.0000000000 0.1000000000
521 4304.0000000000 0.1000000000
571 4380.0000000000 0.1000000000
604 4444.0000000000 0.1000000000
664 4494.0000000000 0.1000000000
718 4508.0000000000 0.1000000000
720 4538.0000000000 0.1000000000
933 4594.0000000000 0.1000000000
959 4694.0000000000 0.1000000000
981 4705.0000000000 0.1000000000
1067 4709.0000000000 0.1000000000
1164 4718.0000000000 0.1000000000
1240 4764.0000000000 0.1000000000
1254 4781.0000000000 0.1000000000
1335 4823.0000000000 0.1000000000
1446 4858.0000000000 0.1000000000
1546 4860.0000000000 0.1000000000
1749 4872.0000000000 0.1000000000
1932 4892.0000000000 0.1000000000
3616 4917.0000000000 0.1000000000
4056 4955.0000000000 0.1000000000
4147 4976.0000000000 0.1000000000
5305 5050.0000000000 0.1000000000
evaluations raw_y evaporation_rate
1 2131.0000000000 0.1000000000
2 2713.0000000000 0.1000000000
5 2790.0000000000 0.1000000000
9 2791.0000000000 0.1000000000
16 2801.0000000000 0.1000000000
21 2931.0000000000 0.1000000000
26 3063.0000000000 0.1000000000
27 3111.0000000000 0.1000000000
37 3188.0000000000 0.1000000000
41 3209.0000000000 0.1000000000
46 3254.0000000000 0.1000000000
47 3286.0000000000 0.1000000000
52 3314.0000000000 0.1000000000
58 3357.0000000000 0.1000000000
60 3384.0000000000 0.1000000000
74 3434.0000000000 0.1000000000
84 3454.0000000000 0.1000000000
86 3524.0000000000 0.1000000000
114 3526.0000000000 0.1000000000
121 3542.0000000000 0.1000000000
123 3544.0000000000 0.1000000000
150 3547.0000000000 0.1000000000
153 3550.0000000000 0.1000000000
158 3568.0000000000 0.1000000000
165 3573.0000000000 0.1000000000
170 3591.0000000000 0.1000000000
177 3597.0000000000 0.1000000000
184 3615.0000000000 0.1000000000
191 3626.0000000000 0.1000000000
206 3687.0000000000 0.1000000000
250 3719.0000000000 0.1000000000
261 3727.0000000000 0.1000000000
264 3742.0000000000 0.1000000000
301 3756.0000000000 0.1000000000
382 3828.0000000000 0.1000000000
424 3923.0000000000 0.1000000000
539 4009.0000000000 0.1000000000
544 4067.0000000000 0.1000000000
626 4080.0000000000 0.1000000000
670 4159.0000000000 0.1000000000
762 4237.0000000000 0.1000000000
816 4254.0000000000 0.1000000000
883 4319.0000000000 0.1000000000
885 4324.0000000000 0.1000000000
894 4327.0000000000 0.1000000000
906 4395.0000000000 0.1000000000
915 4430.0000000000 0.1000000000
954 4433.0000000000 0.1000000000
968 4520.0000000000 0.1000000000
1093 4527.0000000000 0.1000000000
1097 4532.0000000000 0.1000000000
1111 4626.0000000000 0.1000000000
1161 4635.0000000000 0.1000000000
1267 4657.0000000000 0.1000000000
1481 4739.0000000000 0.1000000000
1601 4791.0000000000 0.1000000000
1604 4845.0000000000 0.1000000000
1737 4861.0000000000 0.1000000000
1742 4893.0000000000 0.1000000000
1748 4909.0000000000 0.1000000000
1839 4917.0000000000 0.1000000000
2548 4924.0000000000 0.1000000000
2682 4991.0000000000 0.1000000000
5942 5050.0000000000 0.1000000000
evaluations raw_y evaporation_rate
1 2591.0000000000 0.1000000000
3 2747.0000000000 0.1000000000
10 2762.0000000000 0.1000000000
11 2791.0000000000 0.1000000000
13 2938.0000000000 0.1000000000
21 2976.0000000000 0.1000000000
23 3054.0000000000 0.1000000000
24 3150.0000000000 0.1000000000
33 3412.0000000000 0.1000000000
41 3459.0000000000 0.1000000000
47 3513.0000000000 0.1000000000
51 3531.0000000000 0.1000000000
64 3630.0000000000 0.1000000000
78 3669.0000000000 0.1000000000
97 3677.0000000000 0.1000000000
122 3697.0000000000 0.1000000000
161 3767.0000000000 0.1000000000
207 3771.0000000000 0.1000000000
242 3800.0000000000 0.1000000000
286 3854.0000000000 0.1000000000
326 3901.0000000000 0.1000000000
346 3908.0000000000 0.1000000000
411 3934.0000000000 0.1000000000
419 3998.0000000000 0.1000000000
425 4024.0000000000 0.1000000000
502 4076.0000000000 0.1000000000
510 4125.0000000000 0.1000000000
550 4131.0000000000 0.1000000000
635 4212.0000000000 0.1000000000
784 4226.0000000000 0.1000000000
790 4265.0000000000 0.1000000000
797 4279.0000000000 0.1000000000
826 4359.0000000000 0.1000000000
840 4414.0000000000 0.1000000000
891 4417.0000000000 0.1000000000
962 4468.0000000000 0.1000000000
1009 4502.0000000000 0.1000000000
1113 4527.0000000000 0.1000000000
1126 4544.0000000000 0.1000000000
1182 4571.0000000000 0.1000000000
1311 4581.0000000000 0.1000000000
1313 4614.0000000000 0.1000000000
1346 4624.0000000000 0.1000000000
1712 4666.0000000000 0.1000000000
1728 4685.0000000000 0.1000000000
1923 4772.0000000000 0.1000000000
2037 4788.0000000000 0.1000000000
2075 4818.0000000000 0.1000000000
2974 4876.0000000000 0.1000000000
3332 4924.0000000000 0.1000000000
3770 4962.0000000000 0.1000000000
4089 5028.0000000000 0.1000000000
4404 5050.0000000000 0.1000000000
evaluations raw_y evaporation_rate
1 2373.0000000000 0.0100000000
4 2513.0000000000 0.0100000000
5 2574.0000000000 0.0100000000
9 2632.0000000000 0.0100000000
11 2725.0000000000 0.0100000000
21 2780.0000000000 0.0100000000
23 2805.0000000000 0.0100000000
35 3133.0000000000 0.0100000000
61 3326.0000000000 0.0100000000
94 3344.0000000000 0.0100000000
160 3365.0000000000 0.0100000000
162 3392.0000000000 0.0100000000
169 3632.0000000000 0.0100000000
191 3694.0000000000 0.0100000000
199 3765.0000000000 0.0100000000
202 3812.0000000000 0.0100000000
221 3905.0000000000 0.0100000000
248 3915.0000000000 0.0100000000
251 4007.0000000000 0.0100000000
313 4057.0000000000 0.0100000000
324 4159.0000000000 0.0100000000
344 4251.0000000000 0.0100000000
403 4340.0000000000 0.0100000000
425 4365.0000000000 0.0100000000
466 4388.0000000000 0.0100000000
485 4410.0000000000 0.0100000000
503 4411.0000000000 0.0100000000
507 4417.0000000000 0.0100000000
537 4480.0000000000 0.0100000000
563 4502.0000000000 0.0100000000
571 4578.0000000000 0.0100000000
598 4601.0000000000 0.0100000000
651 4637.0000000000 0.0100000000
680 4647.0000000000 0.0100000000
755 4669.0000000000 0.0100000000
771 4725.0000000000 0.0100000000
824 4729.0000000000 0.0100000000
859 4760.0000000000 0.0100000000
1050 4767.0000000000 0.0100000000
1083 4794.0000000000 0.0100000000
1103 4801.0000000000 0.0100000000
1352 4826.0000000000 0.0100000000
1574 4893.0000000000 0.0100000000
2300 4919.0000000000 0.0100000000
2707 5017.0000000000 0.0100000000
4228 5029.0000000000 0.0100000000
5246 5049.0000000000 0.0100000000
7486 5050.0000000000 0.0100000000
evaluations raw_y evaporation_rate
1 2570.0000000000 0.0100000000
2 2767.0000000000 0.0100000000
7 2912.0000000000 0.0100000000
12 2917.0000000000 0.0100000000
16 2923.0000000000 0.0100000000
24 2994.0000000000 0.0100000000
27 3162.0000000000 0.0100000000
58 3535.0000000000 0.0100000000
105 3542.0000000000 0.0100000000
108 3561.0000000000 0.0100000000
136 3617.0000000000 0.0100000000
168 3646.0000000000 0.0100000000
174 3690.0000000000 0.0100000000
188 3813.0000000000 0.0100000000
226 3833.0000000000 0.0100000000
237 4041.0000000000 0.0100000000
279 4113.0000000000 0.0100000000
313 4219.0000000000 0.0100000000
325 4321.0000000000 0.0100000000
393 4409.0000000000 0.0100000000
440 4467.0000000000 0.0100000000
482 4574.0000000000 0.0100000000
588 4606.0000000000 0.0100000000
680 4619.0000000000 0.0100000000
718 4625.0000000000 0.0100000000
753 4653.0000000000 0.0100000000
775 4659.0000000000 0.0100000000
819 4672.0000000000 0.0100000000
943 4714.0000000000 0.0100000000
948 4748.0000000000 0.0100000000
1031 4795.0000000000 0.0100000000
1155 4800.0000000000 0.0100000000
1529 4815.0000000000 0.0100000000
1606 4900.0000000000 0.0100000000
1867 4914.0000000000 0.0100000000
2039 4962.0000000000 0.0100000000
2388 5015.0000000000 0.0100000000
2574 5024.0000000000 0.0100000000
2853 5050.0000000000 0.0100000000
evaluations raw_y evaporation_rate
1 3145.0000000000 0.0100000000
10 3180.0000000000 0.0100000000
13 3186.0000000000 0.0100000000
33 3313.0000000000 0.0100000000
58 3401.0000000000 0.0100000000
61 3450.0000000000 0.0100000000
104 3503.0000000000 0.0100000000
115 3674.0000000000 0.0100000000
147 3706.0000000000 0.0100000000
168 3738.0000000000 0.0100000000
194 3754.0000000000 0.0100000000
195 3893.0000000000 0.0100000000
221 3935.0000000000 0.0100000000
248 3946.0000000000 0.0100000000
261 4075.0000000000 0.0100000000
301 4152.0000000000 0.0100000000
306 4164.0000000000 0.0100000000
318 4194.0000000000 0.0100000000
319 4254.0000000000 0.0100000000
359 4286.0000000000 0.0100000000
385 4342.0000000000 0.0100000000
387 4343.0000000000 0.0100000000
411 4376.0000000000 0.0100000000
417 4394.0000000000 0.0100000000
419 4438.0000000000 0.0100000000
420 4457.0000000000 0.0100000000
453 4514.0000000000 0.0100000000
503 4522.0000000000 0.0100000000
512 4552.0000000000 0.0100000000
530 4574.0000000000 0.0100000000
561 4577.0000000000 0.0100000000
571 4583.0000000000 0.0100000000
578 4666.0000000000 0.0100000000
663 4669.0000000000 0.0100000000
709 4694.0000000000 0.0100000000
744 4698.0000000000 0.0100000000
892 4743.0000000000 0.0100000000
916 4746.0000000000 0.0100000000
940 4787.0000000000 0.0100000000
947 4791.0000000000 0.0100000000
1198 4828.0000000000 0.0100000000
1225 4837.0000000000 0.0100000000
1400 4858.0000000000 0.0100000000
1404 4900.0000000000 0.0100000000
1869 4901.0000000000 0.0100000000
2141 4935.0000000000 0.0100000000
2298 4966.0000000000 0.0100000000
2643 4976.0000000000 0.0100000000
2688 4983.0000000000 0.0100000000
2737 4993.0000000000 0.0100000000
2868 5006.0000000000 0.0100000000
3062 5012.0000000000 0.0100000000
3070 5019.0000000000 0.0100000000
3080 5029.0000000000 0.0100000000
3915 5050.0000000000 0.0100000000
evaluations raw_y evaporation_rate
1 2590.0000000000 0.0100000000
3 3292.0000000000 0.0100000000
73 3342.0000000000 0.0100000000
85 3381.0000000000 0.0100000000
109 3394.0000000000 0.0100000000
110 3563.0000000000 0.0100000000
146 3622.0000000000 0.0100000000
183 3687.0000000000 0.0100000000
190 3728.0000000000 0.0100000000
206 3761.0000000000 0.0100000000
213 3835.0000000000 0.0100000000
221 3852.0000000000 0.0100000000
224 3914.0000000000 0.0100000000
260 3975.0000000000 0.0100000000
280 4200.0000000000 0.0100000000
356 4285.0000000000 0.0100000000
411 4369.0000000000 0.0100000000
426 4381.0000000000 0.0100000000
464 4538.0000000000 0.0100000000
538 4569.0000000000 0.0100000000
603 4586.0000000000 0.0100000000
659 4590.0000000000 0.0100000000
664 4591.0000000000 0.0100000000
685 4592.0000000000 0.0100000000
715 4603.0000000000 0.0100000000
790 4604.0000000000 0.0100000000
894 4636.0000000000 0.0100000000
908 4644.0000000000 0.0100000000
912 4645.0000000000 0.0100000000
969 4670.0000000000 0.0100000000
978 4671.0000000000 0.0100000000
979 4693.0000000000 0.0100000000
988 4711.0000000000 0.0100000000
1040 4712.0000000000 0.0100000000
1068 4720.0000000000 0.0100000000
1093 4728.0000000000 0.0100000000
1103 4768.0000000000 0.0100000000
1118 4769.0000000000 0.0100000000
1250 4795.0000000000 0.0100000000
1361 4825.0000000000 0.0100000000
1545 4909.0000000000 0.0100000000
1626 4912.0000000000 0.0100000000
2488 4918.0000000000 0.0100000000
2613 4945.0000000000 0.0100000000
2967 4981.0000000000 0.0100000000
3580 5039.0000000000 0.0100000000
5933 5050.0000000000 0.0100000000
evaluations raw_y evaporation_rate
1 2929.0000000000 0.0100000000
13 3069.0000000000 0.0100000000
22 3192.0000000000 0.0100000000
66 3203.0000000000 0.0100000000
72 3345.0000000000 0.0100000000
76 3354.0000000000 0.0100000000
92 3493.0000000000 0.0100000000
110 3506.0000000000 0.0100000000
137 3623.0000000000 0.0100000000
149 3728.0000000000 0.0100000000
206 3855.0000000000 0.0100000000
233 3872.0000000000 0.0100000000
254 3983.0000000000 0.0100000000
309 4059.0000000000 0.0100000000
330 4121.0000000000 0.0100000000
334 4128.0000000000 0.0100000000
359 4134.0000000000 0.0100000000
364 4141.0000000000 0.0100000000
379 4220.0000000000 0.0100000000
391 4325.0000000000 0.0100000000
477 4370.0000000000 0.0100000000
504 4529.0000000000 0.0100000000
584 4536.0000000000 0.0100000000
596 4549.0000000000 0.0100000000
598 4612.0000000000 0.0100000000
693 4650.0000000000 0.0100000000
981 4700.0000000000 0.0100000000
1204 4776.0000000000 0.0100000000
1414 4778.0000000000 0.0100000000
1481 4790.0000000000 0.0100000000
1507 4839.0000000000 0.0100000000
1609 4921.0000000000 0.0100000000
1631 4933.0000000000 0.0100000000
1650 4935.0000000000 0.0100000000
1736 4969.0000000000 0.0100000000
2027 4978.0000000000 0.0100000000
2039 4980.0000000000 0.0100000000
2115 4982.0000000000 0.0100000000
2135 4993.0000000000 0.0100000000
2364 5016.0000000000 0.0100000000
2672 5017.0000000000 0.0100000000
2971 5032.0000000000 0.0100000000
4228 5050.0000000000 0.0100000000
evaluations raw_y evaporation_rate
1 3018.0000000000 0.0100000000
12 3040.0000000000 0.0100000000
30 3227.0000000000 0.0100000000
55 3256.0000000000 0.0100000000
97 3333.0000000000 0.0100000000
129 3360.0000000000 0.0100000000
133 3368.0000000000 0.0100000000
137 3403.0000000000 0.0100000000
138 3499.0000000000 0.0100000000
157 3645.0000000000 0.0100000000
181 3931.0000000000 0.0100000000
219 4124.0000000000 0.0100000000
252 4177.0000000000 0.0100000000
306 4235.0000000000 0.0100000000
320 4341.0000000000 0.0100000000
385 4459.0000000000 0.0100000000
459 4524.0000000000 0.0100000000
477 4541.0000000000 0.0100000000
493 4550.0000000000 0.0100000000
500 4579.0000000000 0.0100000000
511 4585.0000000000 0.0100000000
516 4617.0000000000 0.0100000000
558 4630.0000000000 0.0100000000
573 4635.0000000000 0.0100000000
586 4669.0000000000 0.0100000000
606 4747.0000000000 0.0100000000
675 4748.0000000000 0.0100000000
700 4761.0000000000 0.0100000000
719 4762.0000000000 0.0100000000
735 4763.0000000000 0.0100000000
741 4765.0000000000 0.0100000000
755 4777.0000000000 0.0100000000
795 4778.0000000000 0.0100000000
841 4798.0000000000 0.0100000000
895 4814.0000000000 0.0100000000
901 4834.0000000000 0.0100000000
1055 4849.0000000000 0.0100000000
1125 4852.0000000000 0.0100000000
1152 4867.0000000000 0.0100000000
1297 4871.0000000000 0.0100000000
1411 4872.0000000000 0.0100000000
1427 4886.0000000000 0.0100000000
1442 4890.0000000000 0.0100000000
1690 4967.0000000000 0.0100000000
1705 4971.0000000000 0.0100000000
1869 4999.0000000000 0.0100000000
2320 5011.0000000000 0.0100000000
2930 5048.0000000000 0.0100000000
4143 5050.0000000000 0.0100000000
evaluations raw_y evaporation_rate
1 2856.0000000000 0.0100000000
15 3015.0000000000 0.0100000000
27 3206.0000000000 0.0100000000
66 3250.0000000000 0.0100000000
70 3310.0000000000 0.0100000000
73 3386.0000000000 0.0100000000
87 3462.0000000000 0.0100000000
94 3667.0000000000 0.0100000000
137 3717.0000000000 0.0100000000
141 3821.0000000000 0.0100000000
219 3874.0000000000 0.0100000000
224 3885.0000000000 0.0100000000
253 3941.0000000000 0.0100000000
254 3999.0000000000 0.0100000000
269 4035.0000000000 0.0100000000
275 4085.0000000000 0.0100000000
320 4170.0000000000 0.0100000000
363 4311.0000000000 0.0100000000
392 4356.0000000000 0.0100000000
424 4405.0000000000 0.0100000000
438 4465.0000000000 0.0100000000
503 4474.0000000000 0.0100000000
520 4507.0000000000 0.0100000000
536 4517.0000000000 0.0100000000
551 4535.0000000000 0.0100000000
563 4548.0000000000 0.0100000000
574 4562.0000000000 0.0100000000
590 4610.0000000000 0.0100000000
602 4650.0000000000 0.0100000000
627 4692.0000000000 0.0100000000
710 4733.0000000000 0.0100000000
717 4738.0000000000 0.0100000000
725 4741.0000000000 0.0100000000
753 4749.0000000000 0.0100000000
814 4753.0000000000 0.0100000000
855 4761.0000000000 0.0100000000
906 4805.0000000000 0.0100000000
1433 4848.0000000000 0.0100000000
1457 4871.0000000000 0.0100000000
1503 4914.0000000000 0.0100000000
2589 4930.0000000000 0.0100000000
2888 4943.0000000000 0.0100000000
3624 4945.0000000000 0.0100000000
3801 5035.0000000000 0.0100000000
5994 5050.0000000000 0.0100000000
evaluations raw_y evaporation_rate
1 2796.0000000000 0.0100000000
7 2832.0000000000 0.0100000000
9 3022.0000000000 0.0100000000
10 3190.0000000000 0.0100000000
12 3250.0000000000 0.0100000000
27 3300.0000000000 0.0100000000
50 3518.0000000000 0.0100000000
104 3553.0000000000 0.0100000000
146 3650.0000000000 0.0100000000
169 3765.0000000000 0.0100000000
203 3840.0000000000 0.0100000000
223 3926.0000000000 0.0100000000
246 3973.0000000000 0.0100000000
263 3989.0000000000 0.0100000000
269 4083.0000000000 0.0100000000
273 4084.0000000000 0.0100000000
298 4100.0000000000 0.0100000000
304 4117.0000000000 0.0100000000
311 4201.0000000000 0.0100000000
326 4297.0000000000 0.0100000000
398 4425.0000000000 0.0100000000
457 4544.0000000000 0.0100000000
510 4653.0000000000 0.0100000000
561 4673.0000000000 0.0100000000
601 4694.0000000000 0.0100000000
699 4736.0000000000 0.0100000000
741 4772.0000000000 0.0100000000
768 4814.0000000000 0.0100000000
885 4815.0000000000 0.0100000000
888 4823.0000000000 0.0100000000
988 4827.0000000000 0.0100000000
1018 4836.0000000000 0.0100000000
1079 4837.0000000000 0.0100000000
1451 4842.0000000000 0.0100000000
1725 4871.0000000000 0.0100000000
1922 4873.0000000000 0.0100000000
1943 4902.0000000000 0.0100000000
2055 4904.0000000000 0.0100000000
2099 4910.0000000000 0.0100000000
2269 4925.0000000000 0.0100000000
2328 4948.0000000000 0.0100000000
3353 4949.0000000000 0.0100000000
3360 5033.0000000000 0.0100000000
3369 5050.0000000000 0.0100000000
evaluations raw_y evaporation_rate
1 2371.0000000000 0.0100000000
2 2803.0000000000 0.0100000000
4 3185.0000000000 0.0100000000
30 3235.0000000000 0.0100000000
89 3280.0000000000 0.0100000000
108 3382.0000000000 0.0100000000
121 3502.0000000000 0.0100000000
169 3507.0000000000 0.0100000000
171 3645.0000000000 0.0100000000
184 3706.0000000000 0.0100000000
201 3794.0000000000 0.0100000000
237 3904.0000000000 0.0100000000
267 4021.0000000000 0.0100000000
305 4091.0000000000 0.0100000000
340 4225.0000000000 0.0100000000
400 4277.0000000000 0.0100000000
422 4297.0000000000 0.0100000000
448 4332.0000000000 0.0100000000
465 4352.0000000000 0.0100000000
468 4424.0000000000 0.0100000000
499 4495.0000000000 0.0100000000
503 4575.0000000000 0.0100000000
639 4591.0000000000 0.0100000000
658 4612.0000000000 0.0100000000
693 4660.0000000000 0.0100000000
796 4669.0000000000 0.0100000000
816 4685.0000000000 0.0100000000
855 4705.0000000000 0.0100000000
884 4714.0000000000 0.0100000000
926 4719.0000000000 0.0100000000
1021 4772.0000000000 0.0100000000
1038 4778.0000000000 0.0100000000
1329 4796.0000000000 0.0100000000
1414 4798.0000000000 0.0100000000
1545 4815.0000000000 0.0100000000
1794 4843.0000000000 0.0100000000
2606 4857.0000000000 0.0100000000
2707 4902.0000000000 0.0100000000
2950 4978.0000000000 0.0100000000
3092 5050.0000000000 0.0100000000
evaluations raw_y evaporation_rate
1 2095.0000000000 0.0100000000
2 2503.0000000000 0.0100000000
4 2620.0000000000 0.0100000000
5 2724.0000000000 0.0100000000
14 2745.0000000000 0.0100000000
15 3161.0000000000 0.0100000000
53 3434.0000000000 0.0100000000
82 3553.0000000000 0.0100000000
114 3699.0000000000 0.0100000000
134 3895.0000000000 0.0100000000
177 3898.0000000000 0.0100000000
214 3903.0000000000 0.0100000000
220 3912.0000000000 0.0100000000
227 4103.0000000000 0.0100000000
263 4120.0000000000 0.0100000000
291 4176.0000000000 0.0100000000
307 4205.0000000000 0.0100000000
314 4225.0000000000 0.0100000000
323 4372.0000000000 0.0100000000
327 4413.0000000000 0.0100000000
379 4425.0000000000 0.0100000000
461 4439.0000000000 0.0100000000
483 4475.0000000000 0.0100000000
523 4512.0000000000 0.0100000000
552 4541.0000000000 0.0100000000
593 4593.0000000000 0.0100000000
601 4605.0000000000 0.0100000000
666 4630.0000000000 0.0100000000
695 4705.0000000000 0.0100000000
748 4708.0000000000 0.0100000000
774 4724.0000000000 0.0100000000
796 4731.0000000000 0.0100000000
799 4751.0000000000 0.0100000000
835 4754.0000000000 0.0100000000
844 4761.0000000000 0.0100000000
881 4781.0000000000 0.0100000000
885 4784.0000000000 0.0100000000
925 4799.0000000000 0.0100000000
994 4802.0000000000 0.0100000000
1012 4810.0000000000 0.0100000000
1288 4819.0000000000 0.0100000000
1459 4852.0000000000 0.0100000000
1475 4858.0000000000 0.0100000000
1476 4861.0000000000 0.0100000000
1800 4916.0000000000 0.0100000000
2054 4926.0000000000 0.0100000000
3241 4939.0000000000 0.0100000000
3740 4964.0000000000 0.0100000000
4271 4985.0000000000 0.0100000000
4518 5024.0000000000 0.0100000000
6605 5036.0000000000 0.0100000000
6618 5050.0000000000 0.0100000000
