evaluations raw_y
1 0.0000000000
2072 1.0000000000
2312 2.0000000000
2745 4.0000000000
3275 10.0000000000
6955 11.0000000000
8999 13.0000000000
9104 16.0000000000
11038 18.0000000000
16196 22.0000000000
16204 23.0000000000
16405 25.0000000000
16587 26.0000000000
16867 27.0000000000
20447 29.0000000000
22139 35.0000000000
22229 37.0000000000
22291 40.0000000000
22788 41.0000000000
23250 43.0000000000
25615 45.0000000000
26103 46.0000000000
26766 47.0000000000
27652 48.0000000000
29063 49.0000000000
32696 51.0000000000
34230 52.0000000000
34384 54.0000000000
34879 55.0000000000
35430 57.0000000000
35805 60.0000000000
35951 63.0000000000
37275 64.0000000000
38280 66.0000000000
39638 67.0000000000
40434 69.0000000000
40618 70.0000000000
41508 71.0000000000
41828 73.0000000000
46442 75.0000000000
46565 77.0000000000
47204 79.0000000000
49214 81.0000000000
50095 84.0000000000
50316 85.0000000000
52270 86.0000000000
54307 87.0000000000
54795 89.0000000000
57492 91.0000000000
58747 93.0000000000
59215 94.0000000000
59369 95.0000000000
60435 96.0000000000
60702 97.0000000000
62111 100.0000000000
evaluations raw_y
1 0.0000000000
197 2.0000000000
692 3.0000000000
1257 4.0000000000
2362 5.0000000000
3889 7.0000000000
4253 9.0000000000
5727 10.0000000000
5881 11.0000000000
6359 12.0000000000
6879 14.0000000000
7184 15.0000000000
7635 16.0000000000
7903 17.0000000000
10219 18.0000000000
12633 19.0000000000
13801 20.0000000000
14152 25.0000000000
14371 27.0000000000
15178 28.0000000000
18491 34.0000000000
19857 35.0000000000
19956 36.0000000000
20027 39.0000000000
20682 40.0000000000
24912 41.0000000000
25120 47.0000000000
25839 48.0000000000
25912 49.0000000000
26413 53.0000000000
26883 58.0000000000
26931 61.0000000000
27778 62.0000000000
28043 70.0000000000
28356 71.0000000000
28849 74.0000000000
32152 76.0000000000
34495 78.0000000000
35063 80.0000000000
35669 81.0000000000
35705 82.0000000000
36612 83.0000000000
44286 87.0000000000
48861 89.0000000000
49721 91.0000000000
49752 93.0000000000
50440 94.0000000000
50599 99.0000000000
51980 100.0000000000
evaluations raw_y
1 1.0000000000
299 2.0000000000
1165 3.0000000000
5514 4.0000000000
6024 6.0000000000
6799 7.0000000000
8176 11.0000000000
10664 12.0000000000
14871 13.0000000000
14934 16.0000000000
15657 17.0000000000
18699 18.0000000000
18890 21.0000000000
19411 23.0000000000
21291 27.0000000000
23016 28.0000000000
23291 32.0000000000
23406 33.0000000000
23689 34.0000000000
24193 36.0000000000
24860 37.0000000000
24938 39.0000000000
25315 44.0000000000
25458 45.0000000000
26631 46.0000000000
29367 47.0000000000
30464 48.0000000000
30888 50.0000000000
30914 60.0000000000
31635 61.0000000000
34348 64.0000000000
37085 66.0000000000
38294 67.0000000000
39020 69.0000000000
39897 70.0000000000
40729 73.0000000000
41928 74.0000000000
42886 78.0000000000
43033 79.0000000000
43547 86.0000000000
44160 89.0000000000
45639 90.0000000000
48842 91.0000000000
49837 92.0000000000
50697 93.0000000000
52286 94.0000000000
52416 95.0000000000
54245 96.0000000000
55598 98.0000000000
55729 99.0000000000
55971 100.0000000000
evaluations raw_y
1 0.0000000000
88 3.0000000000
679 4.0000000000
4100 8.0000000000
6226 9.0000000000
6959 10.0000000000
9230 11.0000000000
11014 12.0000000000
12491 13.0000000000
17047 14.0000000000
18456 15.0000000000
23388 17.0000000000
23578 18.0000000000
23972 19.0000000000
24463 20.0000000000
24534 21.0000000000
26217 22.0000000000
26996 23.0000000000
27422 24.0000000000
27946 26.0000000000
28401 29.0000000000
28617 30.0000000000
30387 32.0000000000
31544 34.0000000000
32592 35.0000000000
32941 38.0000000000
34007 40.0000000000
34022 55.0000000000
35449 56.0000000000
36875 58.0000000000
37734 60.0000000000
39788 61.0000000000
40302 62.0000000000
41262 65.0000000000
41800 66.0000000000
42158 67.0000000000
42713 68.0000000000
43574 69.0000000000
47427 70.0000000000
48472 76.0000000000
49012 78.0000000000
49369 79.0000000000
50767 82.0000000000
52908 84.0000000000
53477 85.0000000000
53523 86.0000000000
54817 87.0000000000
55064 90.0000000000
55468 91.0000000000
55799 92.0000000000
58017 96.0000000000
60140 97.0000000000
60243 98.0000000000
60701 100.0000000000
evaluations raw_y
1 0.0000000000
85 1.0000000000
312 2.0000000000
395 4.0000000000
479 5.0000000000
966 7.0000000000
1363 8.0000000000
4056 10.0000000000
4374 13.0000000000
4916 14.0000000000
5124 15.0000000000
5493 17.0000000000
5688 18.0000000000
6603 22.0000000000
6671 26.0000000000
6839 32.0000000000
8544 37.0000000000
9045 40.0000000000
9318 41.0000000000
10175 42.0000000000
10875 43.0000000000
11851 44.0000000000
12080 56.0000000000
13171 57.0000000000
13375 60.0000000000
13762 61.0000000000
14588 62.0000000000
16514 64.0000000000
17102 66.0000000000
17665 68.0000000000
18134 71.0000000000
18649 75.0000000000
19338 77.0000000000
19732 78.0000000000
20880 80.0000000000
21031 85.0000000000
22240 86.0000000000
23473 91.0000000000
27764 93.0000000000
30585 95.0000000000
31589 96.0000000000
31842 98.0000000000
32403 100.0000000000
evaluations raw_y
1 3.0000000000
551 5.0000000000
878 9.0000000000
1107 11.0000000000
1396 12.0000000000
3378 13.0000000000
4389 16.0000000000
4458 22.0000000000
5692 23.0000000000
6754 24.0000000000
8143 28.0000000000
9314 30.0000000000
9547 34.0000000000
10924 39.0000000000
12349 41.0000000000
13342 43.0000000000
15895 46.0000000000
15940 48.0000000000
17318 49.0000000000
18109 50.0000000000
19006 51.0000000000
19183 53.0000000000
21161 54.0000000000
21804 55.0000000000
23694 56.0000000000
24227 58.0000000000
24252 59.0000000000
25231 61.0000000000
25964 66.0000000000
26270 67.0000000000
26762 68.0000000000
29602 71.0000000000
31876 74.0000000000
32388 75.0000000000
33821 77.0000000000
34387 81.0000000000
34539 82.0000000000
34625 83.0000000000
34896 85.0000000000
35495 87.0000000000
35511 88.0000000000
36711 89.0000000000
37026 90.0000000000
38174 91.0000000000
38367 93.0000000000
38869 94.0000000000
38875 95.0000000000
41562 96.0000000000
41681 98.0000000000
43316 99.0000000000
44162 100.0000000000
evaluations raw_y
1 0.0000000000
283 1.0000000000
1572 4.0000000000
1721 5.0000000000
2863 6.0000000000
3058 8.0000000000
3143 12.0000000000
3189 17.0000000000
4239 18.0000000000
4282 20.0000000000
4926 21.0000000000
5001 24.0000000000
5228 26.0000000000
5312 27.0000000000
5445 28.0000000000
6685 30.0000000000
9284 31.0000000000
9988 33.0000000000
11803 35.0000000000
13701 36.0000000000
13810 37.0000000000
14748 38.0000000000
15378 39.0000000000
15461 40.0000000000
16012 41.0000000000
18713 42.0000000000
19386 45.0000000000
19464 46.0000000000
19872 47.0000000000
21347 53.0000000000
21505 54.0000000000
24057 56.0000000000
24707 57.0000000000
24833 58.0000000000
26345 60.0000000000
27083 62.0000000000
29337 65.0000000000
30685 66.0000000000
33269 69.0000000000
33544 70.0000000000
36343 71.0000000000
36358 72.0000000000
36940 73.0000000000
36951 75.0000000000
37250 77.0000000000
37918 79.0000000000
38134 80.0000000000
39573 82.0000000000
41262 85.0000000000
42997 89.0000000000
43013 90.0000000000
43593 91.0000000000
43978 93.0000000000
47401 94.0000000000
47853 98.0000000000
48744 99.0000000000
48764 100.0000000000
evaluations raw_y
1 1.0000000000
105 6.0000000000
3180 8.0000000000
5047 11.0000000000
5168 13.0000000000
6630 16.0000000000
7207 18.0000000000
7690 23.0000000000
7988 24.0000000000
8734 26.0000000000
11131 28.0000000000
11761 31.0000000000
12021 33.0000000000
12308 34.0000000000
12363 35.0000000000
12588 36.0000000000
12895 37.0000000000
13783 42.0000000000
14247 44.0000000000
16662 48.0000000000
18421 51.0000000000
20039 52.0000000000
20112 56.0000000000
24132 57.0000000000
25147 62.0000000000
26212 63.0000000000
27848 64.0000000000
28112 71.0000000000
28242 72.0000000000
31001 73.0000000000
33434 76.0000000000
34422 78.0000000000
36055 79.0000000000
38643 80.0000000000
38840 83.0000000000
41431 84.0000000000
43249 85.0000000000
44171 87.0000000000
44463 93.0000000000
45580 94.0000000000
47529 95.0000000000
48093 96.0000000000
48534 97.0000000000
51192 100.0000000000
evaluations raw_y
1 1.0000000000
1459 3.0000000000
3517 4.0000000000
3635 7.0000000000
4015 10.0000000000
4415 11.0000000000
4516 19.0000000000
4782 27.0000000000
7032 29.0000000000
7817 31.0000000000
9799 32.0000000000
14066 34.0000000000
15768 37.0000000000
19451 39.0000000000
19968 43.0000000000
20530 46.0000000000
20579 48.0000000000
22426 49.0000000000
22696 50.0000000000
25109 52.0000000000
25518 53.0000000000
25738 54.0000000000
26368 59.0000000000
28393 61.0000000000
28646 62.0000000000
32072 64.0000000000
32082 65.0000000000
33585 66.0000000000
34029 68.0000000000
35244 71.0000000000
36096 74.0000000000
36491 78.0000000000
36673 79.0000000000
36992 82.0000000000
37636 84.0000000000
39663 85.0000000000
40088 86.0000000000
40265 88.0000000000
42415 89.0000000000
43203 90.0000000000
44727 93.0000000000
50583 94.0000000000
51129 97.0000000000
52175 100.0000000000
evaluations raw_y
1 0.0000000000
232 1.0000000000
968 2.0000000000
1368 3.0000000000
1658 4.0000000000
1829 8.0000000000
2858 10.0000000000
4059 11.0000000000
7814 13.0000000000
8181 14.0000000000
10238 16.0000000000
11519 17.0000000000
12100 18.0000000000
13412 19.0000000000
13983 20.0000000000
14285 22.0000000000
14575 23.0000000000
14669 25.0000000000
15139 28.0000000000
15730 33.0000000000
15810 34.0000000000
16323 35.0000000000
20407 41.0000000000
20471 42.0000000000
20737 44.0000000000
20999 45.0000000000
21178 46.0000000000
21463 48.0000000000
21593 49.0000000000
22374 52.0000000000
24665 54.0000000000
24852 55.0000000000
25489 56.0000000000
25751 57.0000000000
26333 62.0000000000
26361 64.0000000000
26851 66.0000000000
29887 68.0000000000
34732 72.0000000000
35461 73.0000000000
36770 74.0000000000
38027 75.0000000000
38037 76.0000000000
40994 77.0000000000
41546 81.0000000000
41709 82.0000000000
41741 83.0000000000
43218 84.0000000000
43375 85.0000000000
48166 86.0000000000
49510 87.0000000000
53203 88.0000000000
54084 90.0000000000
55984 93.0000000000
56295 94.0000000000
57031 95.0000000000
57421 97.0000000000
61632 99.0000000000
62939 100.0000000000
evaluations raw_y
1 0.0000000000
2072 1.0000000000
2312 2.0000000000
2745 3.0000000000
2761 4.0000000000
3275 5.0000000000
4900 7.0000000000
4966 9.0000000000
5406 10.0000000000
6955 16.0000000000
7619 18.0000000000
8884 21.0000000000
9857 23.0000000000
9905 25.0000000000
10339 26.0000000000
11724 27.0000000000
13695 28.0000000000
13934 29.0000000000
14360 36.0000000000
16640 39.0000000000
21665 42.0000000000
23112 43.0000000000
25615 44.0000000000
26059 45.0000000000
26103 47.0000000000
27652 48.0000000000
29063 49.0000000000
32696 50.0000000000
35702 51.0000000000
41137 52.0000000000
41516 55.0000000000
42070 56.0000000000
43574 58.0000000000
44168 59.0000000000
44248 60.0000000000
44372 68.0000000000
46176 70.0000000000
46392 72.0000000000
46811 73.0000000000
48411 74.0000000000
50568 77.0000000000
52277 78.0000000000
52621 83.0000000000
53084 85.0000000000
53879 86.0000000000
54307 87.0000000000
54795 89.0000000000
57492 90.0000000000
58239 93.0000000000
59215 95.0000000000
60435 96.0000000000
60702 97.0000000000
62111 100.0000000000
evaluations raw_y
1 0.0000000000
197 2.0000000000
692 3.0000000000
1257 4.0000000000
2362 9.0000000000
3246 11.0000000000
4387 13.0000000000
4530 14.0000000000
4888 15.0000000000
6465 26.0000000000
7106 32.0000000000
8273 33.0000000000
8449 34.0000000000
9772 35.0000000000
9890 36.0000000000
10215 37.0000000000
10302 38.0000000000
12236 39.0000000000
12691 45.0000000000
14006 46.0000000000
16152 47.0000000000
16997 52.0000000000
18085 54.0000000000
18452 55.0000000000
21216 58.0000000000
21547 60.0000000000
21597 61.0000000000
21938 62.0000000000
22222 63.0000000000
24016 66.0000000000
24658 67.0000000000
27036 68.0000000000
27685 69.0000000000
29895 70.0000000000
30296 72.0000000000
31248 74.0000000000
32152 75.0000000000
32900 76.0000000000
34495 78.0000000000
35063 80.0000000000
35669 85.0000000000
35692 86.0000000000
36150 87.0000000000
36684 88.0000000000
37653 89.0000000000
38547 90.0000000000
39326 91.0000000000
40400 93.0000000000
40768 94.0000000000
41770 96.0000000000
42809 97.0000000000
42949 98.0000000000
43741 100.0000000000
evaluations raw_y
1 1.0000000000
2599 8.0000000000
2950 11.0000000000
3137 12.0000000000
3163 14.0000000000
5509 15.0000000000
7173 16.0000000000
7340 18.0000000000
7816 19.0000000000
8046 22.0000000000
11940 25.0000000000
11977 28.0000000000
12541 29.0000000000
13948 33.0000000000
14910 34.0000000000
15570 40.0000000000
16604 41.0000000000
17597 42.0000000000
20497 44.0000000000
21264 45.0000000000
21817 46.0000000000
23860 47.0000000000
24442 48.0000000000
28168 51.0000000000
28180 53.0000000000
30027 54.0000000000
30814 59.0000000000
33066 60.0000000000
34662 62.0000000000
36004 63.0000000000
36375 65.0000000000
36711 66.0000000000
37227 67.0000000000
37755 68.0000000000
38090 71.0000000000
38235 72.0000000000
38870 73.0000000000
39488 76.0000000000
39612 77.0000000000
40019 78.0000000000
40832 79.0000000000
41575 80.0000000000
43668 81.0000000000
44254 84.0000000000
45840 88.0000000000
46210 89.0000000000
46793 91.0000000000
46819 95.0000000000
48527 97.0000000000
49249 98.0000000000
50495 100.0000000000
evaluations raw_y
1 1.0000000000
388 2.0000000000
538 4.0000000000
726 5.0000000000
1300 8.0000000000
1789 9.0000000000
3327 11.0000000000
4380 12.0000000000
5185 15.0000000000
5893 16.0000000000
7483 22.0000000000
8102 24.0000000000
8314 25.0000000000
10578 26.0000000000
11257 28.0000000000
13599 30.0000000000
13637 34.0000000000
14103 36.0000000000
14213 39.0000000000
15377 40.0000000000
16034 43.0000000000
16212 48.0000000000
16812 49.0000000000
19072 50.0000000000
20299 53.0000000000
22621 56.0000000000
23783 65.0000000000
25036 67.0000000000
25048 68.0000000000
25129 70.0000000000
25650 71.0000000000
27064 72.0000000000
31430 73.0000000000
31905 74.0000000000
31975 75.0000000000
32366 76.0000000000
33262 78.0000000000
36967 79.0000000000
37643 80.0000000000
37782 81.0000000000
38749 82.0000000000
41043 84.0000000000
42022 87.0000000000
42443 88.0000000000
43114 91.0000000000
46591 92.0000000000
48618 95.0000000000
49043 96.0000000000
49806 97.0000000000
52701 98.0000000000
52826 99.0000000000
56460 100.0000000000
evaluations raw_y
1 0.0000000000
53 1.0000000000
1232 2.0000000000
3532 3.0000000000
3652 4.0000000000
4081 5.0000000000
4896 7.0000000000
5129 8.0000000000
6794 10.0000000000
7628 12.0000000000
10680 13.0000000000
11246 14.0000000000
11716 16.0000000000
12100 17.0000000000
13855 18.0000000000
15017 25.0000000000
15612 27.0000000000
15768 31.0000000000
15922 32.0000000000
18051 33.0000000000
19022 40.0000000000
19778 43.0000000000
20411 46.0000000000
21432 47.0000000000
21968 49.0000000000
22132 50.0000000000
23116 55.0000000000
23211 57.0000000000
25017 58.0000000000
25121 61.0000000000
26328 62.0000000000
26399 65.0000000000
26932 68.0000000000
26989 69.0000000000
27573 72.0000000000
31456 73.0000000000
33592 74.0000000000
35400 75.0000000000
35709 77.0000000000
37688 80.0000000000
38987 82.0000000000
39078 85.0000000000
40196 86.0000000000
41429 87.0000000000
42047 94.0000000000
42536 95.0000000000
42868 98.0000000000
43201 100.0000000000
evaluations raw_y
1 2.0000000000
139 8.0000000000
141 10.0000000000
285 13.0000000000
1276 15.0000000000
2067 22.0000000000
3659 23.0000000000
5111 24.0000000000
6104 26.0000000000
6434 27.0000000000
6919 30.0000000000
8206 31.0000000000
11949 34.0000000000
12241 35.0000000000
12302 37.0000000000
13206 41.0000000000
13497 42.0000000000
15221 46.0000000000
15455 47.0000000000
16153 51.0000000000
16668 53.0000000000
16783 54.0000000000
18104 55.0000000000
18249 56.0000000000
18546 57.0000000000
18973 58.0000000000
21600 59.0000000000
22496 62.0000000000
23067 64.0000000000
23075 65.0000000000
23952 66.0000000000
27260 67.0000000000
30631 69.0000000000
33986 70.0000000000
36397 71.0000000000
39034 74.0000000000
39546 75.0000000000
40979 79.0000000000
42508 80.0000000000
42885 82.0000000000
43040 84.0000000000
44363 86.0000000000
44594 89.0000000000
45612 91.0000000000
45691 92.0000000000
45855 94.0000000000
46033 97.0000000000
46809 98.0000000000
47517 100.0000000000
evaluations raw_y
1 0.0000000000
613 3.0000000000
841 5.0000000000
1138 8.0000000000
1370 10.0000000000
1443 11.0000000000
4083 14.0000000000
4184 17.0000000000
4610 18.0000000000
4636 20.0000000000
5718 22.0000000000
5976 29.0000000000
6092 31.0000000000
6757 33.0000000000
7573 37.0000000000
9541 40.0000000000
9724 41.0000000000
11187 48.0000000000
12846 49.0000000000
12916 50.0000000000
14543 51.0000000000
15378 52.0000000000
15843 56.0000000000
16045 57.0000000000
18415 60.0000000000
21490 62.0000000000
22912 68.0000000000
23482 69.0000000000
24025 70.0000000000
24041 77.0000000000
25135 80.0000000000
25824 81.0000000000
28561 83.0000000000
28645 84.0000000000
28926 85.0000000000
28971 86.0000000000
29367 88.0000000000
32463 90.0000000000
33880 92.0000000000
35050 93.0000000000
35248 96.0000000000
36428 97.0000000000
38008 98.0000000000
39281 100.0000000000
evaluations raw_y
1 1.0000000000
1176 2.0000000000
2264 3.0000000000
4370 4.0000000000
4552 5.0000000000
5224 7.0000000000
5850 9.0000000000
7258 10.0000000000
7413 11.0000000000
8022 12.0000000000
10855 13.0000000000
11084 17.0000000000
12184 18.0000000000
12477 19.0000000000
13345 20.0000000000
13602 24.0000000000
14106 25.0000000000
14527 27.0000000000
15411 28.0000000000
15848 32.0000000000
17540 33.0000000000
17743 37.0000000000
20528 45.0000000000
21094 47.0000000000
21593 48.0000000000
31707 50.0000000000
32853 51.0000000000
33325 52.0000000000
33398 53.0000000000
33775 54.0000000000
35097 56.0000000000
37418 57.0000000000
38433 61.0000000000
38451 62.0000000000
39498 63.0000000000
41134 67.0000000000
41453 68.0000000000
43621 69.0000000000
43657 71.0000000000
43751 72.0000000000
44287 74.0000000000
45792 79.0000000000
46991 82.0000000000
47449 83.0000000000
47525 85.0000000000
48745 86.0000000000
49195 87.0000000000
49970 88.0000000000
50929 90.0000000000
51895 91.0000000000
52136 92.0000000000
52385 93.0000000000
52457 96.0000000000
52458 100.0000000000
evaluations raw_y
1 1.0000000000
2610 5.0000000000
4118 6.0000000000
4470 8.0000000000
5589 9.0000000000
5707 11.0000000000
6527 14.0000000000
9311 17.0000000000
9693 18.0000000000
12404 19.0000000000
12480 20.0000000000
13219 21.0000000000
14228 22.0000000000
14420 23.0000000000
14748 24.0000000000
15642 25.0000000000
15850 26.0000000000
16451 27.0000000000
19052 28.0000000000
19711 29.0000000000
19837 30.0000000000
20210 32.0000000000
20612 33.0000000000
21401 36.0000000000
21932 38.0000000000
22111 43.0000000000
23566 44.0000000000
24478 45.0000000000
24840 48.0000000000
25682 49.0000000000
27104 51.0000000000
28784 53.0000000000
30332 55.0000000000
30793 57.0000000000
33890 61.0000000000
34497 62.0000000000
34862 64.0000000000
35137 69.0000000000
36309 70.0000000000
37168 71.0000000000
37610 73.0000000000
44605 74.0000000000
44692 80.0000000000
45388 81.0000000000
47494 83.0000000000
47904 84.0000000000
48093 85.0000000000
48204 86.0000000000
48721 88.0000000000
49723 89.0000000000
49851 90.0000000000
56747 93.0000000000
62603 95.0000000000
63130 96.0000000000
63663 97.0000000000
64195 98.0000000000
64322 99.0000000000
66727 100.0000000000
evaluations raw_y
1 1.0000000000
352 5.0000000000
2041 7.0000000000
2130 9.0000000000
4125 11.0000000000
5282 13.0000000000
5649 14.0000000000
7706 17.0000000000
9568 18.0000000000
10880 21.0000000000
12012 23.0000000000
12137 26.0000000000
12303 28.0000000000
13198 38.0000000000
14155 40.0000000000
14585 43.0000000000
14593 49.0000000000
14638 50.0000000000
19673 53.0000000000
20674 55.0000000000
20688 57.0000000000
23801 60.0000000000
24156 64.0000000000
24319 66.0000000000
27355 67.0000000000
27405 69.0000000000
27694 73.0000000000
27872 77.0000000000
28685 81.0000000000
28808 85.0000000000
29313 87.0000000000
30635 89.0000000000
31618 93.0000000000
31871 95.0000000000
31903 99.0000000000
33492 100.0000000000
evaluations raw_y
1 0.0000000000
2 1.0000000000
6 5.0000000000
1747 6.0000000000
2261 7.0000000000
3158 8.0000000000
4200 10.0000000000
6955 13.0000000000
7506 14.0000000000
9015 19.0000000000
9563 21.0000000000
9857 23.0000000000
9905 25.0000000000
10339 27.0000000000
11301 28.0000000000
11339 30.0000000000
11349 33.0000000000
12480 35.0000000000
14648 37.0000000000
16354 39.0000000000
16529 40.0000000000
16608 44.0000000000
17350 48.0000000000
21694 49.0000000000
22287 51.0000000000
23557 52.0000000000
25220 59.0000000000
25473 60.0000000000
26234 62.0000000000
27020 65.0000000000
27594 66.0000000000
28072 72.0000000000
29675 76.0000000000
30771 78.0000000000
31375 79.0000000000
32928 81.0000000000
33799 82.0000000000
33860 83.0000000000
39757 90.0000000000
40890 91.0000000000
41262 92.0000000000
42800 94.0000000000
44085 96.0000000000
44385 98.0000000000
45233 100.0000000000
evaluations raw_y
1 0.0000000000
5 4.0000000000
19 6.0000000000
165 7.0000000000
249 9.0000000000
250 11.0000000000
593 15.0000000000
2946 16.0000000000
3035 17.0000000000
3266 21.0000000000
3394 22.0000000000
4394 23.0000000000
5940 25.0000000000
7082 28.0000000000
7393 29.0000000000
9226 30.0000000000
10795 33.0000000000
11096 34.0000000000
11732 40.0000000000
13122 42.0000000000
13844 44.0000000000
15235 45.0000000000
16019 46.0000000000
16620 51.0000000000
17551 53.0000000000
19537 55.0000000000
19716 56.0000000000
19729 58.0000000000
20543 59.0000000000
21393 60.0000000000
21872 66.0000000000
23528 68.0000000000
25342 70.0000000000
25598 71.0000000000
27914 72.0000000000
30033 79.0000000000
30293 83.0000000000
30546 84.0000000000
30572 85.0000000000
31877 87.0000000000
34188 88.0000000000
34690 89.0000000000
34748 91.0000000000
37548 92.0000000000
39027 95.0000000000
39395 96.0000000000
41206 98.0000000000
41592 100.0000000000
evaluations raw_y
1 3.0000000000
4 6.0000000000
725 7.0000000000
946 10.0000000000
1984 14.0000000000
5197 15.0000000000
8490 22.0000000000
9821 23.0000000000
9971 26.0000000000
15021 27.0000000000
15875 29.0000000000
17914 37.0000000000
18527 39.0000000000
19424 40.0000000000
19725 41.0000000000
19896 42.0000000000
19961 44.0000000000
21947 45.0000000000
22787 47.0000000000
23385 49.0000000000
25996 50.0000000000
26033 52.0000000000
26121 53.0000000000
27471 57.0000000000
28833 60.0000000000
32497 61.0000000000
33383 62.0000000000
34080 63.0000000000
34902 64.0000000000
36158 67.0000000000
42182 68.0000000000
42759 69.0000000000
43760 75.0000000000
45112 77.0000000000
47205 78.0000000000
49101 80.0000000000
49706 81.0000000000
51958 82.0000000000
53163 86.0000000000
54497 87.0000000000
55931 88.0000000000
56411 90.0000000000
61957 91.0000000000
62086 96.0000000000
62091 99.0000000000
62632 100.0000000000
evaluations raw_y
1 0.0000000000
3 1.0000000000
5 3.0000000000
15 5.0000000000
22 6.0000000000
27 8.0000000000
1531 9.0000000000
1540 10.0000000000
2475 12.0000000000
3964 16.0000000000
4746 18.0000000000
6104 20.0000000000
7121 21.0000000000
12150 22.0000000000
12539 23.0000000000
13689 24.0000000000
14130 25.0000000000
17468 27.0000000000
18720 29.0000000000
19253 31.0000000000
19997 32.0000000000
20604 34.0000000000
20993 35.0000000000
22207 36.0000000000
22633 37.0000000000
22764 38.0000000000
22983 39.0000000000
23894 40.0000000000
25328 42.0000000000
25375 43.0000000000
27649 45.0000000000
27830 46.0000000000
29230 47.0000000000
29237 48.0000000000
30593 51.0000000000
31340 52.0000000000
31886 56.0000000000
32504 58.0000000000
32627 59.0000000000
32938 61.0000000000
32942 62.0000000000
33530 64.0000000000
34384 66.0000000000
35815 67.0000000000
38162 68.0000000000
38575 71.0000000000
40852 72.0000000000
41609 74.0000000000
42259 75.0000000000
43546 76.0000000000
46782 77.0000000000
48563 80.0000000000
48650 83.0000000000
49051 84.0000000000
51979 89.0000000000
52264 90.0000000000
54607 91.0000000000
55598 92.0000000000
55752 93.0000000000
55802 97.0000000000
59591 98.0000000000
59716 99.0000000000
63350 100.0000000000
evaluations raw_y
1 0.0000000000
8 4.0000000000
12 5.0000000000
264 7.0000000000
1982 8.0000000000
3991 9.0000000000
5267 10.0000000000
5985 12.0000000000
6710 13.0000000000
6892 16.0000000000
7285 20.0000000000
7622 21.0000000000
8245 22.0000000000
8655 23.0000000000
8738 26.0000000000
9950 28.0000000000
10095 29.0000000000
10126 30.0000000000
11916 31.0000000000
12581 32.0000000000
14383 35.0000000000
15639 36.0000000000
18910 37.0000000000
19662 38.0000000000
20442 45.0000000000
22978 46.0000000000
24785 50.0000000000
25475 51.0000000000
26110 52.0000000000
26274 53.0000000000
26639 54.0000000000
27400 59.0000000000
28943 61.0000000000
32544 62.0000000000
34470 64.0000000000
35058 67.0000000000
35816 71.0000000000
36605 72.0000000000
37336 73.0000000000
39142 74.0000000000
39462 75.0000000000
39876 76.0000000000
40279 77.0000000000
40336 81.0000000000
42525 82.0000000000
43240 83.0000000000
44073 87.0000000000
45606 91.0000000000
45720 92.0000000000
48618 95.0000000000
49545 98.0000000000
50359 100.0000000000
evaluations raw_y
1 3.0000000000
551 5.0000000000
878 6.0000000000
1247 7.0000000000
4837 9.0000000000
6253 12.0000000000
6603 13.0000000000
7436 15.0000000000
7817 18.0000000000
7953 19.0000000000
8032 24.0000000000
8143 25.0000000000
9344 27.0000000000
10391 28.0000000000
10602 31.0000000000
11197 32.0000000000
13384 33.0000000000
15336 35.0000000000
15550 36.0000000000
16098 39.0000000000
16722 41.0000000000
17655 42.0000000000
19241 50.0000000000
19974 51.0000000000
22385 53.0000000000
23194 55.0000000000
23694 60.0000000000
24916 65.0000000000
25781 68.0000000000
29602 69.0000000000
31173 71.0000000000
31876 73.0000000000
33816 74.0000000000
34304 75.0000000000
35104 76.0000000000
35132 77.0000000000
35323 78.0000000000
35361 79.0000000000
35996 80.0000000000
38308 81.0000000000
38594 82.0000000000
39636 84.0000000000
40416 87.0000000000
42078 88.0000000000
43143 91.0000000000
43145 92.0000000000
43459 93.0000000000
43466 95.0000000000
44041 96.0000000000
44962 100.0000000000
evaluations raw_y
1 2.0000000000
8 4.0000000000
35 6.0000000000
498 10.0000000000
1012 11.0000000000
1567 12.0000000000
2389 16.0000000000
3019 17.0000000000
3439 18.0000000000
3482 19.0000000000
6404 21.0000000000
7108 23.0000000000
7848 25.0000000000
8594 27.0000000000
9356 29.0000000000
10122 30.0000000000
10252 33.0000000000
11003 36.0000000000
11391 37.0000000000
12640 38.0000000000
14578 40.0000000000
15212 41.0000000000
17913 43.0000000000
19436 46.0000000000
19452 47.0000000000
20547 48.0000000000
22109 50.0000000000
22960 52.0000000000
22969 53.0000000000
25489 54.0000000000
25526 55.0000000000
25678 56.0000000000
26008 57.0000000000
26600 63.0000000000
27214 65.0000000000
27459 69.0000000000
27733 70.0000000000
27918 75.0000000000
28025 76.0000000000
28316 78.0000000000
29770 83.0000000000
30052 87.0000000000
30898 90.0000000000
31122 92.0000000000
31823 96.0000000000
32140 97.0000000000
33405 98.0000000000
34678 100.0000000000
evaluations raw_y
1 1.0000000000
4 4.0000000000
10 7.0000000000
835 8.0000000000
2507 9.0000000000
7258 10.0000000000
7413 13.0000000000
7945 17.0000000000
12184 18.0000000000
12477 19.0000000000
13345 20.0000000000
13602 23.0000000000
16710 24.0000000000
16991 25.0000000000
18498 29.0000000000
19714 30.0000000000
21208 31.0000000000
21569 33.0000000000
21588 34.0000000000
22957 36.0000000000
23814 38.0000000000
24556 39.0000000000
25537 41.0000000000
26355 42.0000000000
27533 45.0000000000
29415 46.0000000000
29837 47.0000000000
29965 48.0000000000
31707 49.0000000000
34336 55.0000000000
34504 56.0000000000
37418 57.0000000000
38433 59.0000000000
38611 60.0000000000
40030 61.0000000000
41160 63.0000000000
42050 64.0000000000
42470 65.0000000000
44244 67.0000000000
44306 68.0000000000
47188 69.0000000000
49309 70.0000000000
50209 71.0000000000
50582 72.0000000000
51354 76.0000000000
51464 79.0000000000
51929 80.0000000000
52126 82.0000000000
53079 89.0000000000
53106 90.0000000000
53212 91.0000000000
55831 92.0000000000
56156 97.0000000000
59226 99.0000000000
60277 100.0000000000
evaluations raw_y
1 1.0000000000
16 2.0000000000
30 3.0000000000
34 4.0000000000
776 5.0000000000
1240 6.0000000000
1393 8.0000000000
1485 9.0000000000
3609 10.0000000000
5355 12.0000000000
5549 13.0000000000
5837 15.0000000000
6007 18.0000000000
6714 19.0000000000
6799 26.0000000000
7527 27.0000000000
7533 29.0000000000
9595 30.0000000000
11467 39.0000000000
13377 41.0000000000
14780 42.0000000000
18050 44.0000000000
18785 45.0000000000
19804 47.0000000000
19868 50.0000000000
23798 51.0000000000
25126 55.0000000000
25318 58.0000000000
25970 61.0000000000
25974 62.0000000000
27043 64.0000000000
27318 66.0000000000
27393 68.0000000000
27765 73.0000000000
27772 75.0000000000
29335 78.0000000000
30237 79.0000000000
30709 85.0000000000
30929 88.0000000000
31103 90.0000000000
32772 91.0000000000
34230 92.0000000000
34490 93.0000000000
35584 94.0000000000
37308 95.0000000000
37683 96.0000000000
38125 98.0000000000
39325 99.0000000000
41234 100.0000000000
evaluations raw_y
1 2.0000000000
33 3.0000000000
229 5.0000000000
815 6.0000000000
878 7.0000000000
2020 8.0000000000
3080 9.0000000000
3155 10.0000000000
5409 11.0000000000
5535 12.0000000000
5868 14.0000000000
7013 15.0000000000
7726 16.0000000000
9116 17.0000000000
10034 20.0000000000
10296 24.0000000000
14950 26.0000000000
18703 27.0000000000
20103 30.0000000000
20109 31.0000000000
21211 32.0000000000
21682 33.0000000000
23034 37.0000000000
24826 38.0000000000
25571 41.0000000000
26692 43.0000000000
27311 45.0000000000
29071 47.0000000000
30032 49.0000000000
30416 50.0000000000
30615 51.0000000000
30735 59.0000000000
32851 64.0000000000
33030 65.0000000000
33531 66.0000000000
35267 68.0000000000
35444 69.0000000000
37365 71.0000000000
37838 72.0000000000
40333 76.0000000000
41264 77.0000000000
41392 78.0000000000
41455 79.0000000000
42226 80.0000000000
43337 81.0000000000
44236 82.0000000000
47066 85.0000000000
47095 86.0000000000
48461 87.0000000000
53592 89.0000000000
54328 90.0000000000
55571 91.0000000000
56737 93.0000000000
59081 97.0000000000
59444 98.0000000000
61472 100.0000000000
evaluations raw_y
1 0.0000000000
2 1.0000000000
6 5.0000000000
1747 8.0000000000
1966 10.0000000000
6955 13.0000000000
7506 17.0000000000
8253 18.0000000000
8884 19.0000000000
8952 21.0000000000
9857 22.0000000000
10340 23.0000000000
10844 25.0000000000
11056 28.0000000000
11339 29.0000000000
11398 33.0000000000
12480 34.0000000000
16161 35.0000000000
17221 36.0000000000
17405 39.0000000000
21665 40.0000000000
22788 41.0000000000
23250 42.0000000000
24878 43.0000000000
25615 44.0000000000
26059 45.0000000000
26103 49.0000000000
26846 51.0000000000
28079 52.0000000000
33635 54.0000000000
34879 58.0000000000
35635 59.0000000000
38403 60.0000000000
38575 62.0000000000
39938 63.0000000000
41741 66.0000000000
41985 68.0000000000
43059 70.0000000000
43619 74.0000000000
43756 75.0000000000
44450 76.0000000000
46153 78.0000000000
46350 81.0000000000
47923 83.0000000000
49150 84.0000000000
49284 85.0000000000
52270 86.0000000000
54307 89.0000000000
57492 90.0000000000
58239 91.0000000000
58747 92.0000000000
60526 93.0000000000
60772 94.0000000000
62686 97.0000000000
63075 98.0000000000
64273 99.0000000000
65742 100.0000000000
evaluations raw_y
1 0.0000000000
3 2.0000000000
5 4.0000000000
1245 8.0000000000
1386 9.0000000000
2096 11.0000000000
2728 13.0000000000
2967 18.0000000000
3442 20.0000000000
4155 25.0000000000
4194 26.0000000000
4816 27.0000000000
5655 28.0000000000
6070 29.0000000000
7686 30.0000000000
9483 31.0000000000
10220 34.0000000000
10482 35.0000000000
11655 42.0000000000
12184 49.0000000000
12287 50.0000000000
12918 51.0000000000
13792 52.0000000000
14454 55.0000000000
17585 56.0000000000
18233 58.0000000000
19504 59.0000000000
20417 61.0000000000
24147 64.0000000000
26228 67.0000000000
27798 71.0000000000
28987 72.0000000000
29288 74.0000000000
29367 76.0000000000
30864 79.0000000000
31366 80.0000000000
32038 81.0000000000
32074 82.0000000000
32981 83.0000000000
40655 86.0000000000
41398 90.0000000000
42722 91.0000000000
46121 92.0000000000
46382 93.0000000000
46809 94.0000000000
46968 95.0000000000
47357 100.0000000000
evaluations raw_y
1 0.0000000000
2 4.0000000000
16 6.0000000000
28 9.0000000000
1256 10.0000000000
1272 11.0000000000
1334 12.0000000000
2013 15.0000000000
2708 17.0000000000
4003 18.0000000000
4499 21.0000000000
4674 24.0000000000
6203 25.0000000000
6979 26.0000000000
7134 27.0000000000
7634 28.0000000000
8250 30.0000000000
8284 31.0000000000
9398 35.0000000000
9566 36.0000000000
10941 39.0000000000
11451 40.0000000000
11687 41.0000000000
11751 43.0000000000
13024 45.0000000000
14570 46.0000000000
16613 48.0000000000
20921 49.0000000000
23772 50.0000000000
24922 52.0000000000
25356 53.0000000000
25622 55.0000000000
27310 56.0000000000
27334 57.0000000000
30333 58.0000000000
31714 61.0000000000
35340 65.0000000000
37115 69.0000000000
37548 70.0000000000
37754 71.0000000000
40471 74.0000000000
41591 75.0000000000
41624 77.0000000000
43591 79.0000000000
44539 84.0000000000
44813 88.0000000000
45009 92.0000000000
45958 95.0000000000
46493 98.0000000000
47129 100.0000000000
evaluations raw_y
1 0.0000000000
2 1.0000000000
4 2.0000000000
9 3.0000000000
19 4.0000000000
32 5.0000000000
521 8.0000000000
1031 9.0000000000
2354 10.0000000000
3764 11.0000000000
4288 12.0000000000
4627 13.0000000000
5077 14.0000000000
5322 17.0000000000
6446 18.0000000000
8593 21.0000000000
9368 22.0000000000
10025 25.0000000000
11160 28.0000000000
11730 29.0000000000
11983 30.0000000000
13611 31.0000000000
14851 32.0000000000
14915 33.0000000000
15485 35.0000000000
15519 36.0000000000
15695 40.0000000000
18422 42.0000000000
19218 43.0000000000
19354 44.0000000000
22118 46.0000000000
22698 48.0000000000
24592 49.0000000000
25240 50.0000000000
26247 51.0000000000
26396 55.0000000000
27891 56.0000000000
30004 58.0000000000
32054 61.0000000000
32134 62.0000000000
33229 63.0000000000
35057 64.0000000000
36618 66.0000000000
37144 68.0000000000
38337 69.0000000000
40121 70.0000000000
40870 73.0000000000
41674 74.0000000000
42510 75.0000000000
42804 76.0000000000
43403 80.0000000000
47049 81.0000000000
48072 82.0000000000
48585 84.0000000000
48649 86.0000000000
49440 88.0000000000
50575 89.0000000000
50876 90.0000000000
50994 92.0000000000
51137 93.0000000000
51288 96.0000000000
52673 98.0000000000
55012 99.0000000000
55944 100.0000000000
evaluations raw_y
1 0.0000000000
2 4.0000000000
716 5.0000000000
1531 7.0000000000
1764 9.0000000000
1902 10.0000000000
2620 12.0000000000
3345 13.0000000000
3527 14.0000000000
4994 15.0000000000
7228 16.0000000000
7799 17.0000000000
10490 20.0000000000
10624 22.0000000000
11226 23.0000000000
11859 24.0000000000
14846 26.0000000000
17585 28.0000000000
18191 29.0000000000
21239 30.0000000000
21304 31.0000000000
22882 35.0000000000
25558 36.0000000000
29985 38.0000000000
30120 42.0000000000
30173 43.0000000000
30365 44.0000000000
30532 46.0000000000
30599 47.0000000000
30968 49.0000000000
31951 53.0000000000
33155 54.0000000000
33192 55.0000000000
33243 56.0000000000
34229 59.0000000000
34471 62.0000000000
37442 63.0000000000
39352 64.0000000000
40125 65.0000000000
40956 69.0000000000
42805 70.0000000000
43276 71.0000000000
43894 73.0000000000
45516 74.0000000000
47162 76.0000000000
49434 77.0000000000
49812 78.0000000000
50515 81.0000000000
50567 83.0000000000
51105 85.0000000000
52710 87.0000000000
53666 90.0000000000
54494 94.0000000000
57505 96.0000000000
59970 100.0000000000
evaluations raw_y
1 0.0000000000
5 2.0000000000
6 3.0000000000
18 6.0000000000
371 9.0000000000
3037 12.0000000000
3501 13.0000000000
3994 15.0000000000
4292 16.0000000000
4627 17.0000000000
5812 19.0000000000
5928 26.0000000000
8706 29.0000000000
8841 30.0000000000
10350 34.0000000000
13228 35.0000000000
14199 38.0000000000
14976 41.0000000000
15546 44.0000000000
15827 45.0000000000
17098 48.0000000000
18532 49.0000000000
21206 50.0000000000
23271 51.0000000000
23576 53.0000000000
25055 54.0000000000
26517 55.0000000000
26540 56.0000000000
26745 57.0000000000
28519 59.0000000000
29111 61.0000000000
29126 63.0000000000
29446 64.0000000000
30097 67.0000000000
30867 68.0000000000
32455 71.0000000000
34093 74.0000000000
34867 76.0000000000
36099 77.0000000000
37803 78.0000000000
40222 80.0000000000
40906 81.0000000000
42747 83.0000000000
43648 84.0000000000
45071 86.0000000000
46082 87.0000000000
48403 89.0000000000
49079 91.0000000000
49175 94.0000000000
49600 95.0000000000
49652 96.0000000000
51039 97.0000000000
53677 98.0000000000
54289 100.0000000000
evaluations raw_y
1 0.0000000000
6 2.0000000000
7 4.0000000000
1748 5.0000000000
2853 8.0000000000
3390 10.0000000000
3499 11.0000000000
3564 12.0000000000
4050 13.0000000000
4478 17.0000000000
7580 18.0000000000
11468 19.0000000000
13539 22.0000000000
13562 23.0000000000
15015 29.0000000000
16232 30.0000000000
17223 31.0000000000
17297 32.0000000000
17520 33.0000000000
19589 34.0000000000
21358 35.0000000000
22673 38.0000000000
23846 39.0000000000
24071 40.0000000000
24859 41.0000000000
28796 43.0000000000
29806 44.0000000000
29985 48.0000000000
31159 50.0000000000
31510 52.0000000000
31824 55.0000000000
32295 58.0000000000
33390 59.0000000000
36179 61.0000000000
37481 62.0000000000
38141 65.0000000000
38322 70.0000000000
40302 71.0000000000
41665 73.0000000000
42973 74.0000000000
43568 75.0000000000
43602 79.0000000000
43714 80.0000000000
44911 81.0000000000
46472 83.0000000000
47648 85.0000000000
48077 86.0000000000
53671 89.0000000000
54406 92.0000000000
55283 94.0000000000
59697 95.0000000000
61575 97.0000000000
62629 98.0000000000
62853 100.0000000000
evaluations raw_y
1 1.0000000000
10 2.0000000000
18 4.0000000000
22 5.0000000000
23 6.0000000000
938 7.0000000000
1239 8.0000000000
2188 10.0000000000
2474 13.0000000000
3155 14.0000000000
4202 15.0000000000
6467 17.0000000000
6552 18.0000000000
7325 19.0000000000
7920 21.0000000000
7967 23.0000000000
9599 29.0000000000
10808 33.0000000000
11135 39.0000000000
11314 42.0000000000
13705 44.0000000000
15852 45.0000000000
16639 46.0000000000
16996 47.0000000000
17558 51.0000000000
19064 52.0000000000
20199 53.0000000000
20825 55.0000000000
21384 59.0000000000
22712 63.0000000000
23284 64.0000000000
23591 66.0000000000
24136 68.0000000000
24840 69.0000000000
26009 71.0000000000
27733 72.0000000000
28473 78.0000000000
30079 80.0000000000
32422 82.0000000000
32681 83.0000000000
32771 84.0000000000
33686 86.0000000000
33815 88.0000000000
34165 90.0000000000
34990 91.0000000000
37142 92.0000000000
37195 95.0000000000
37585 96.0000000000
38259 97.0000000000
39782 98.0000000000
40105 99.0000000000
41025 100.0000000000
evaluations raw_y
1 0.0000000000
4 1.0000000000
9 5.0000000000
1480 6.0000000000
2556 8.0000000000
4088 11.0000000000
4570 12.0000000000
4810 17.0000000000
5009 18.0000000000
5113 20.0000000000
6517 21.0000000000
6720 22.0000000000
9779 26.0000000000
10291 29.0000000000
11229 30.0000000000
11751 31.0000000000
12277 32.0000000000
13650 36.0000000000
13711 37.0000000000
16328 45.0000000000
16508 46.0000000000
17346 49.0000000000
20187 51.0000000000
21635 52.0000000000
22989 53.0000000000
24123 56.0000000000
30973 58.0000000000
31894 60.0000000000
32134 61.0000000000
32265 62.0000000000
33276 63.0000000000
33378 64.0000000000
33746 68.0000000000
35149 69.0000000000
35790 73.0000000000
38318 74.0000000000
38944 75.0000000000
40607 81.0000000000
41740 83.0000000000
41791 84.0000000000
41942 85.0000000000
43300 86.0000000000
43697 92.0000000000
43710 95.0000000000
44045 96.0000000000
44356 97.0000000000
47223 100.0000000000
evaluations raw_y
1 1.0000000000
2 3.0000000000
1415 8.0000000000
1631 9.0000000000
3784 11.0000000000
4531 12.0000000000
4777 14.0000000000
7570 15.0000000000
7802 16.0000000000
11254 17.0000000000
11560 22.0000000000
12149 23.0000000000
12978 24.0000000000
13321 27.0000000000
13654 28.0000000000
15454 31.0000000000
16645 32.0000000000
16784 36.0000000000
16864 37.0000000000
20774 39.0000000000
21307 41.0000000000
22375 46.0000000000
23376 48.0000000000
23536 49.0000000000
23928 50.0000000000
25625 52.0000000000
25932 54.0000000000
28745 56.0000000000
30606 58.0000000000
30919 61.0000000000
34148 68.0000000000
34217 72.0000000000
36240 73.0000000000
37547 78.0000000000
39887 79.0000000000
40164 80.0000000000
40743 82.0000000000
41038 83.0000000000
41776 85.0000000000
42079 86.0000000000
42706 87.0000000000
43436 89.0000000000
43619 93.0000000000
43971 94.0000000000
45073 98.0000000000
47154 100.0000000000
evaluations raw_y
1 0.0000000000
2 1.0000000000
8 3.0000000000
21 5.0000000000
50 8.0000000000
148 9.0000000000
185 10.0000000000
230 11.0000000000
232 14.0000000000
284 17.0000000000
316 18.0000000000
319 21.0000000000
391 22.0000000000
542 24.0000000000
645 26.0000000000
2004 30.0000000000
3866 31.0000000000
5301 34.0000000000
5302 35.0000000000
5895 36.0000000000
6358 37.0000000000
6996 38.0000000000
7098 40.0000000000
7138 43.0000000000
7928 46.0000000000
8517 47.0000000000
8518 49.0000000000
9295 50.0000000000
10349 52.0000000000
10410 53.0000000000
10835 55.0000000000
10867 58.0000000000
11644 63.0000000000
12235 65.0000000000
12914 66.0000000000
13489 70.0000000000
14845 71.0000000000
16803 72.0000000000
17019 73.0000000000
17952 76.0000000000
17959 78.0000000000
18083 80.0000000000
18990 81.0000000000
21092 83.0000000000
21154 85.0000000000
22018 86.0000000000
22186 91.0000000000
25643 96.0000000000
25769 97.0000000000
25869 99.0000000000
25944 100.0000000000
evaluations raw_y
1 0.0000000000
2 4.0000000000
22 5.0000000000
64 9.0000000000
166 13.0000000000
238 14.0000000000
305 16.0000000000
520 17.0000000000
536 19.0000000000
1520 23.0000000000
1565 24.0000000000
1598 25.0000000000
2847 26.0000000000
2867 28.0000000000
3437 29.0000000000
3498 33.0000000000
3510 35.0000000000
3515 37.0000000000
5995 39.0000000000
6981 44.0000000000
7020 45.0000000000
7939 46.0000000000
7988 47.0000000000
8079 48.0000000000
8155 49.0000000000
11070 50.0000000000
11351 53.0000000000
12941 54.0000000000
13083 55.0000000000
13095 57.0000000000
13219 58.0000000000
13762 60.0000000000
14042 61.0000000000
14994 62.0000000000
15013 63.0000000000
15797 64.0000000000
16666 65.0000000000
17864 69.0000000000
17928 70.0000000000
17956 73.0000000000
20498 74.0000000000
20608 75.0000000000
25772 80.0000000000
26260 86.0000000000
26269 87.0000000000
27746 88.0000000000
27925 89.0000000000
27963 92.0000000000
30191 93.0000000000
33271 95.0000000000
34491 99.0000000000
35619 100.0000000000
evaluations raw_y
1 3.0000000000
18 4.0000000000
58 6.0000000000
84 7.0000000000
117 8.0000000000
126 9.0000000000
175 12.0000000000
224 14.0000000000
432 15.0000000000
452 18.0000000000
493 23.0000000000
1053 25.0000000000
1245 27.0000000000
5039 32.0000000000
5116 36.0000000000
5140 38.0000000000
6803 39.0000000000
6964 40.0000000000
9263 42.0000000000
9362 43.0000000000
9442 52.0000000000
12861 54.0000000000
13658 58.0000000000
14157 59.0000000000
14167 62.0000000000
14846 63.0000000000
15690 64.0000000000
16049 65.0000000000
16119 68.0000000000
17926 70.0000000000
17986 71.0000000000
18070 72.0000000000
18215 74.0000000000
18253 77.0000000000
18293 81.0000000000
18890 82.0000000000
19525 83.0000000000
20240 92.0000000000
20435 95.0000000000
20452 98.0000000000
21023 99.0000000000
24752 100.0000000000
evaluations raw_y
1 1.0000000000
9 5.0000000000
65 7.0000000000
93 9.0000000000
135 11.0000000000
154 12.0000000000
215 13.0000000000
219 14.0000000000
224 17.0000000000
303 18.0000000000
391 19.0000000000
463 20.0000000000
1476 21.0000000000
1687 23.0000000000
1702 24.0000000000
1756 29.0000000000
1854 30.0000000000
2002 34.0000000000
3135 35.0000000000
3278 36.0000000000
3291 40.0000000000
4448 41.0000000000
4687 43.0000000000
4699 45.0000000000
4850 47.0000000000
6715 49.0000000000
8602 50.0000000000
9063 51.0000000000
10801 52.0000000000
12896 54.0000000000
13229 55.0000000000
13666 57.0000000000
13850 58.0000000000
17778 60.0000000000
18983 67.0000000000
22113 71.0000000000
23429 81.0000000000
23706 84.0000000000
24355 89.0000000000
25517 90.0000000000
26168 91.0000000000
26175 94.0000000000
26395 95.0000000000
26530 96.0000000000
28433 100.0000000000
evaluations raw_y
1 0.0000000000
6 5.0000000000
57 6.0000000000
60 7.0000000000
153 8.0000000000
168 10.0000000000
290 12.0000000000
364 14.0000000000
368 15.0000000000
381 16.0000000000
394 17.0000000000
559 18.0000000000
687 20.0000000000
706 22.0000000000
762 24.0000000000
809 25.0000000000
3081 27.0000000000
3512 28.0000000000
3645 30.0000000000
4717 31.0000000000
6316 32.0000000000
6347 35.0000000000
6862 37.0000000000
6877 39.0000000000
7198 40.0000000000
7708 42.0000000000
7824 47.0000000000
7877 51.0000000000
8395 52.0000000000
8532 53.0000000000
9025 54.0000000000
10649 55.0000000000
10713 57.0000000000
14628 59.0000000000
14654 61.0000000000
15816 64.0000000000
17421 66.0000000000
18270 67.0000000000
19673 68.0000000000
21603 69.0000000000
23906 74.0000000000
24473 77.0000000000
27752 78.0000000000
28123 80.0000000000
28355 83.0000000000
29129 84.0000000000
29352 86.0000000000
30716 87.0000000000
31222 88.0000000000
31325 89.0000000000
31428 91.0000000000
32455 94.0000000000
33283 97.0000000000
33390 98.0000000000
33494 100.0000000000
evaluations raw_y
1 3.0000000000
9 6.0000000000
47 7.0000000000
63 9.0000000000
94 10.0000000000
253 11.0000000000
265 14.0000000000
334 15.0000000000
336 16.0000000000
365 17.0000000000
397 18.0000000000
499 22.0000000000
639 23.0000000000
687 24.0000000000
718 25.0000000000
875 28.0000000000
973 29.0000000000
1078 34.0000000000
1935 36.0000000000
2267 37.0000000000
2292 40.0000000000
2835 41.0000000000
4528 42.0000000000
4849 44.0000000000
5748 46.0000000000
5992 55.0000000000
7282 56.0000000000
7619 61.0000000000
7633 62.0000000000
7685 64.0000000000
7709 66.0000000000
8364 74.0000000000
8735 76.0000000000
8777 77.0000000000
11999 78.0000000000
13098 79.0000000000
14636 81.0000000000
16378 86.0000000000
17036 87.0000000000
17922 88.0000000000
17944 92.0000000000
18000 93.0000000000
18135 98.0000000000
19988 99.0000000000
21820 100.0000000000
evaluations raw_y
1 0.0000000000
2 2.0000000000
3 10.0000000000
11 12.0000000000
107 13.0000000000
133 14.0000000000
174 15.0000000000
193 16.0000000000
206 17.0000000000
235 18.0000000000
1155 19.0000000000
1174 21.0000000000
1195 22.0000000000
1388 23.0000000000
1469 24.0000000000
2092 25.0000000000
2150 27.0000000000
2219 28.0000000000
2240 29.0000000000
2794 30.0000000000
3777 32.0000000000
5081 34.0000000000
7486 35.0000000000
7892 36.0000000000
7932 39.0000000000
8167 40.0000000000
8196 42.0000000000
8241 43.0000000000
8281 46.0000000000
8625 50.0000000000
10698 55.0000000000
11005 56.0000000000
11899 62.0000000000
12053 67.0000000000
12901 68.0000000000
13838 71.0000000000
13952 72.0000000000
17715 73.0000000000
17732 77.0000000000
20588 78.0000000000
23252 79.0000000000
23928 80.0000000000
24067 81.0000000000
25034 84.0000000000
25601 86.0000000000
29089 90.0000000000
29159 91.0000000000
32876 92.0000000000
34903 93.0000000000
35197 95.0000000000
35328 97.0000000000
35363 100.0000000000
evaluations raw_y
1 1.0000000000
2 6.0000000000
45 9.0000000000
86 10.0000000000
161 12.0000000000
207 15.0000000000
301 19.0000000000
397 22.0000000000
2023 23.0000000000
2045 24.0000000000
2148 25.0000000000
2173 26.0000000000
2179 28.0000000000
2317 30.0000000000
2339 32.0000000000
4263 33.0000000000
4316 34.0000000000
5058 38.0000000000
5910 39.0000000000
5992 41.0000000000
6194 48.0000000000
6228 49.0000000000
6343 51.0000000000
6656 52.0000000000
7214 54.0000000000
7606 59.0000000000
8907 61.0000000000
9129 62.0000000000
11121 63.0000000000
11177 64.0000000000
14348 65.0000000000
16200 67.0000000000
16310 70.0000000000
16328 72.0000000000
16522 73.0000000000
23267 74.0000000000
23304 75.0000000000
24206 78.0000000000
25910 79.0000000000
27804 80.0000000000
29078 82.0000000000
32060 83.0000000000
32943 84.0000000000
32966 85.0000000000
33030 86.0000000000
35242 88.0000000000
36551 93.0000000000
36575 96.0000000000
41565 97.0000000000
41953 100.0000000000
evaluations raw_y
1 2.0000000000
5 3.0000000000
56 5.0000000000
104 6.0000000000
109 8.0000000000
135 9.0000000000
150 10.0000000000
198 11.0000000000
212 12.0000000000
273 16.0000000000
297 18.0000000000
305 19.0000000000
353 21.0000000000
372 23.0000000000
428 24.0000000000
516 27.0000000000
2287 29.0000000000
2314 30.0000000000
2808 33.0000000000
2877 34.0000000000
2982 37.0000000000
3097 38.0000000000
3147 39.0000000000
3528 40.0000000000
4322 42.0000000000
4392 45.0000000000
5280 51.0000000000
5334 55.0000000000
5577 56.0000000000
6905 57.0000000000
7670 59.0000000000
9283 61.0000000000
10319 66.0000000000
12360 69.0000000000
12743 71.0000000000
12847 76.0000000000
12897 77.0000000000
13968 78.0000000000
15369 80.0000000000
16478 82.0000000000
18019 85.0000000000
18165 86.0000000000
18183 87.0000000000
18234 88.0000000000
18284 90.0000000000
18339 92.0000000000
18673 94.0000000000
18812 95.0000000000
18963 96.0000000000
19243 98.0000000000
23566 99.0000000000
23589 100.0000000000
evaluations raw_y
1 1.0000000000
10 4.0000000000
48 5.0000000000
49 7.0000000000
103 10.0000000000
192 12.0000000000
274 13.0000000000
292 14.0000000000
527 15.0000000000
541 17.0000000000
593 19.0000000000
608 20.0000000000
622 22.0000000000
681 26.0000000000
3069 27.0000000000
3656 29.0000000000
3673 31.0000000000
4572 32.0000000000
5583 34.0000000000
10637 46.0000000000
10693 48.0000000000
10879 50.0000000000
10923 53.0000000000
11049 56.0000000000
11088 57.0000000000
11152 66.0000000000
12301 67.0000000000
15672 68.0000000000
17765 70.0000000000
21438 71.0000000000
24075 74.0000000000
24587 75.0000000000
26020 77.0000000000
26586 79.0000000000
27549 80.0000000000
27926 82.0000000000
28605 83.0000000000
28736 84.0000000000
29404 87.0000000000
29715 92.0000000000
30896 96.0000000000
31539 97.0000000000
31850 100.0000000000
evaluations raw_y
1 0.0000000000
2 1.0000000000
8 3.0000000000
21 5.0000000000
71 7.0000000000
83 8.0000000000
148 10.0000000000
203 13.0000000000
306 14.0000000000
339 15.0000000000
474 20.0000000000
597 21.0000000000
1115 23.0000000000
3289 24.0000000000
3554 25.0000000000
3773 26.0000000000
4578 29.0000000000
5111 30.0000000000
5195 31.0000000000
5301 34.0000000000
7427 35.0000000000
8803 38.0000000000
10485 39.0000000000
11404 40.0000000000
12117 42.0000000000
13286 43.0000000000
13465 45.0000000000
17388 47.0000000000
19263 49.0000000000
19696 50.0000000000
20483 53.0000000000
20784 55.0000000000
22709 59.0000000000
24213 60.0000000000
26234 64.0000000000
26569 66.0000000000
28072 69.0000000000
28937 72.0000000000
29675 73.0000000000
30888 75.0000000000
31408 76.0000000000
32242 78.0000000000
32837 79.0000000000
32928 81.0000000000
33799 82.0000000000
34200 83.0000000000
39757 87.0000000000
41909 91.0000000000
43541 93.0000000000
47553 94.0000000000
48378 96.0000000000
50139 97.0000000000
52151 98.0000000000
54979 99.0000000000
57353 100.0000000000
evaluations raw_y
1 0.0000000000
2 3.0000000000
28 4.0000000000
34 5.0000000000
55 7.0000000000
88 8.0000000000
159 9.0000000000
183 11.0000000000
210 14.0000000000
211 16.0000000000
323 20.0000000000
426 24.0000000000
1371 25.0000000000
2675 26.0000000000
3552 27.0000000000
4698 33.0000000000
5148 34.0000000000
6022 37.0000000000
6315 38.0000000000
7272 40.0000000000
7432 41.0000000000
7443 42.0000000000
9522 43.0000000000
10792 45.0000000000
12127 47.0000000000
16942 48.0000000000
20001 49.0000000000
20435 50.0000000000
21307 51.0000000000
22181 53.0000000000
23333 57.0000000000
25458 61.0000000000
26289 62.0000000000
26980 63.0000000000
28774 64.0000000000
29061 65.0000000000
29844 68.0000000000
30418 72.0000000000
32025 74.0000000000
32858 77.0000000000
34322 82.0000000000
36215 83.0000000000
37201 86.0000000000
37843 88.0000000000
38072 90.0000000000
41243 91.0000000000
43278 92.0000000000
43749 93.0000000000
43807 98.0000000000
44456 100.0000000000
evaluations raw_y
1 5.0000000000
34 6.0000000000
71 8.0000000000
87 10.0000000000
156 14.0000000000
189 17.0000000000
267 19.0000000000
472 20.0000000000
666 21.0000000000
1741 22.0000000000
2702 23.0000000000
4071 26.0000000000
5564 27.0000000000
6105 28.0000000000
6612 32.0000000000
7185 33.0000000000
7698 34.0000000000
9884 35.0000000000
10369 37.0000000000
11943 39.0000000000
14233 41.0000000000
14830 42.0000000000
15631 45.0000000000
18477 50.0000000000
18941 54.0000000000
23588 56.0000000000
24339 58.0000000000
25108 62.0000000000
25422 63.0000000000
26939 64.0000000000
27164 66.0000000000
31209 67.0000000000
32612 68.0000000000
34542 69.0000000000
36845 72.0000000000
37333 79.0000000000
37766 82.0000000000
38179 83.0000000000
40205 86.0000000000
40879 88.0000000000
41427 90.0000000000
46973 91.0000000000
47319 92.0000000000
48334 93.0000000000
48934 96.0000000000
49679 97.0000000000
52280 99.0000000000
53098 100.0000000000
evaluations raw_y
1 2.0000000000
7 3.0000000000
30 8.0000000000
43 11.0000000000
132 12.0000000000
252 13.0000000000
269 18.0000000000
341 26.0000000000
423 27.0000000000
450 30.0000000000
516 34.0000000000
545 35.0000000000
622 36.0000000000
1371 37.0000000000
2659 40.0000000000
4682 41.0000000000
5152 42.0000000000
5613 44.0000000000
6997 45.0000000000
7715 46.0000000000
7937 50.0000000000
9556 51.0000000000
10424 53.0000000000
11654 56.0000000000
12227 59.0000000000
15119 61.0000000000
15977 64.0000000000
17572 65.0000000000
17798 68.0000000000
19202 70.0000000000
20086 71.0000000000
21108 73.0000000000
21997 75.0000000000
24260 78.0000000000
24822 83.0000000000
27264 84.0000000000
29322 87.0000000000
30650 88.0000000000
31410 89.0000000000
34847 92.0000000000
36435 93.0000000000
38984 96.0000000000
39133 100.0000000000
evaluations raw_y
1 0.0000000000
4 2.0000000000
6 3.0000000000
7 6.0000000000
32 9.0000000000
90 11.0000000000
200 12.0000000000
411 13.0000000000
616 19.0000000000
1470 22.0000000000
3018 25.0000000000
6387 26.0000000000
8539 27.0000000000
9378 28.0000000000
9963 32.0000000000
12313 36.0000000000
12785 37.0000000000
15793 39.0000000000
16451 43.0000000000
19074 44.0000000000
19873 46.0000000000
20419 48.0000000000
20974 49.0000000000
21163 50.0000000000
22829 51.0000000000
22932 52.0000000000
25647 53.0000000000
26292 57.0000000000
27097 59.0000000000
29533 60.0000000000
36271 61.0000000000
36403 63.0000000000
36693 64.0000000000
38550 68.0000000000
38780 71.0000000000
38881 72.0000000000
40859 75.0000000000
43904 76.0000000000
45061 77.0000000000
45618 81.0000000000
46513 83.0000000000
49430 84.0000000000
50679 85.0000000000
52335 86.0000000000
53168 87.0000000000
53817 89.0000000000
58686 90.0000000000
59522 93.0000000000
59970 96.0000000000
66347 99.0000000000
67313 100.0000000000
evaluations raw_y
1 0.0000000000
2 1.0000000000
15 4.0000000000
34 9.0000000000
77 10.0000000000
123 12.0000000000
154 15.0000000000
244 16.0000000000
1928 19.0000000000
2763 20.0000000000
5988 21.0000000000
6688 22.0000000000
7505 23.0000000000
8567 25.0000000000
9889 30.0000000000
11360 31.0000000000
11561 32.0000000000
15197 34.0000000000
20251 35.0000000000
20746 37.0000000000
21977 38.0000000000
24025 40.0000000000
26180 41.0000000000
26703 43.0000000000
29109 44.0000000000
29809 45.0000000000
31887 46.0000000000
32619 47.0000000000
33387 50.0000000000
35466 52.0000000000
37268 54.0000000000
38286 55.0000000000
38520 58.0000000000
39765 59.0000000000
41358 60.0000000000
41647 62.0000000000
41739 64.0000000000
43499 65.0000000000
47339 66.0000000000
48033 71.0000000000
48882 73.0000000000
49289 74.0000000000
49656 75.0000000000
50396 76.0000000000
50888 77.0000000000
52592 82.0000000000
53965 85.0000000000
54224 86.0000000000
54554 91.0000000000
55100 95.0000000000
55516 96.0000000000
56058 97.0000000000
56592 99.0000000000
58201 100.0000000000
evaluations raw_y
1 0.0000000000
10 1.0000000000
12 3.0000000000
15 4.0000000000
28 5.0000000000
66 8.0000000000
191 9.0000000000
219 10.0000000000
283 11.0000000000
395 14.0000000000
436 15.0000000000
2159 16.0000000000
3307 17.0000000000
3744 19.0000000000
4015 20.0000000000
4666 24.0000000000
7638 26.0000000000
11447 28.0000000000
11772 29.0000000000
12204 33.0000000000
13061 35.0000000000
13387 36.0000000000
15304 37.0000000000
18091 39.0000000000
18124 40.0000000000
18875 41.0000000000
19630 42.0000000000
21029 44.0000000000
22247 45.0000000000
22430 47.0000000000
22580 50.0000000000
22924 52.0000000000
23826 53.0000000000
25082 54.0000000000
25481 55.0000000000
27228 56.0000000000
27896 59.0000000000
30421 60.0000000000
33141 62.0000000000
33954 63.0000000000
34413 66.0000000000
34588 67.0000000000
37253 70.0000000000
38237 71.0000000000
38560 72.0000000000
39252 77.0000000000
41882 78.0000000000
42761 83.0000000000
43449 84.0000000000
43863 87.0000000000
44051 91.0000000000
46339 93.0000000000
48061 94.0000000000
48459 95.0000000000
48708 97.0000000000
49724 98.0000000000
51785 100.0000000000
evaluations raw_y
1 0.0000000000
5 1.0000000000
9 3.0000000000
25 4.0000000000
40 5.0000000000
41 11.0000000000
93 12.0000000000
203 14.0000000000
257 15.0000000000
1308 16.0000000000
1999 19.0000000000
2314 22.0000000000
2622 24.0000000000
4921 25.0000000000
6531 26.0000000000
7173 28.0000000000
8375 29.0000000000
9056 33.0000000000
10768 36.0000000000
12770 38.0000000000
14712 41.0000000000
16050 42.0000000000
16551 45.0000000000
16660 47.0000000000
17007 48.0000000000
17495 49.0000000000
18074 50.0000000000
18676 52.0000000000
19303 55.0000000000
19407 56.0000000000
20323 60.0000000000
23663 62.0000000000
24181 63.0000000000
26499 64.0000000000
29103 71.0000000000
29439 73.0000000000
29946 74.0000000000
32456 75.0000000000
33988 76.0000000000
37092 77.0000000000
38388 79.0000000000
39100 84.0000000000
39307 85.0000000000
40616 86.0000000000
41509 87.0000000000
42023 88.0000000000
42641 90.0000000000
42701 91.0000000000
44151 93.0000000000
45594 95.0000000000
46203 97.0000000000
46384 98.0000000000
46723 100.0000000000
evaluations raw_y
1 0.0000000000
2 3.0000000000
15 4.0000000000
46 5.0000000000
67 6.0000000000
74 7.0000000000
101 8.0000000000
184 11.0000000000
235 12.0000000000
264 14.0000000000
346 17.0000000000
571 19.0000000000
1790 21.0000000000
2139 22.0000000000
2354 23.0000000000
5789 24.0000000000
7136 25.0000000000
7681 27.0000000000
7948 31.0000000000
8289 35.0000000000
8463 38.0000000000
10024 40.0000000000
11295 43.0000000000
11961 45.0000000000
13078 46.0000000000
13341 49.0000000000
13784 51.0000000000
13899 54.0000000000
15590 55.0000000000
15850 57.0000000000
16489 58.0000000000
17774 59.0000000000
20616 60.0000000000
20789 61.0000000000
21816 64.0000000000
22025 67.0000000000
23923 69.0000000000
25593 70.0000000000
25727 73.0000000000
26520 75.0000000000
28068 76.0000000000
29667 77.0000000000
29970 81.0000000000
30325 83.0000000000
31569 84.0000000000
32300 85.0000000000
32875 86.0000000000
34157 88.0000000000
34949 89.0000000000
36038 90.0000000000
36257 91.0000000000
37722 92.0000000000
38006 94.0000000000
40351 96.0000000000
40865 98.0000000000
41063 99.0000000000
41126 100.0000000000
evaluations raw_y
1 4.0000000000
28 7.0000000000
59 8.0000000000
137 9.0000000000
216 10.0000000000
347 12.0000000000
541 14.0000000000
728 15.0000000000
1004 20.0000000000
2929 21.0000000000
4871 25.0000000000
5498 28.0000000000
5616 29.0000000000
5857 34.0000000000
6111 36.0000000000
7481 37.0000000000
9955 38.0000000000
10700 42.0000000000
11755 43.0000000000
11801 44.0000000000
12740 47.0000000000
13951 48.0000000000
14318 52.0000000000
15653 55.0000000000
15904 56.0000000000
16097 58.0000000000
16643 62.0000000000
21067 63.0000000000
22514 64.0000000000
22634 66.0000000000
23650 68.0000000000
25098 70.0000000000
27446 71.0000000000
29677 77.0000000000
30319 78.0000000000
30628 79.0000000000
30888 80.0000000000
32197 81.0000000000
33880 82.0000000000
34213 86.0000000000
35456 90.0000000000
35905 92.0000000000
37850 93.0000000000
40804 95.0000000000
43039 99.0000000000
43185 100.0000000000
