evaluations raw_y evaporation_rate
1 46.0000000000 0.1000000000
2 47.0000000000 0.1000000000
5 52.0000000000 0.1000000000
9 55.0000000000 0.1000000000
11 57.0000000000 0.1000000000
20 60.0000000000 0.1000000000
24 63.0000000000 0.1000000000
39 64.0000000000 0.1000000000
62 65.0000000000 0.1000000000
80 66.0000000000 0.1000000000
154 67.0000000000 0.1000000000
202 68.0000000000 0.1000000000
238 69.0000000000 0.1000000000
296 70.0000000000 0.1000000000
395 71.0000000000 0.1000000000
491 72.0000000000 0.1000000000
537 73.0000000000 0.1000000000
570 74.0000000000 0.1000000000
642 75.0000000000 0.1000000000
643 76.0000000000 0.1000000000
853 77.0000000000 0.1000000000
921 78.0000000000 0.1000000000
934 79.0000000000 0.1000000000
1083 80.0000000000 0.1000000000
1418 81.0000000000 0.1000000000
1574 82.0000000000 0.1000000000
1625 83.0000000000 0.1000000000
1756 84.0000000000 0.1000000000
1902 85.0000000000 0.1000000000
1927 86.0000000000 0.1000000000
1994 87.0000000000 0.1000000000
2047 88.0000000000 0.1000000000
2216 89.0000000000 0.1000000000
2337 90.0000000000 0.1000000000
2550 91.0000000000 0.1000000000
2772 92.0000000000 0.1000000000
3264 93.0000000000 0.1000000000
3549 94.0000000000 0.1000000000
4134 95.0000000000 0.1000000000
4372 96.0000000000 0.1000000000
4556 97.0000000000 0.1000000000
5246 98.0000000000 0.1000000000
6955 99.0000000000 0.1000000000
10804 100.0000000000 0.1000000000
evaluations raw_y evaporation_rate
1 53.0000000000 0.1000000000
17 57.0000000000 0.1000000000
28 58.0000000000 0.1000000000
31 62.0000000000 0.1000000000
37 63.0000000000 0.1000000000
51 64.0000000000 0.1000000000
72 65.0000000000 0.1000000000
89 66.0000000000 0.1000000000
100 67.0000000000 0.1000000000
161 68.0000000000 0.1000000000
191 69.0000000000 0.1000000000
218 70.0000000000 0.1000000000
227 71.0000000000 0.1000000000
266 72.0000000000 0.1000000000
402 73.0000000000 0.1000000000
429 74.0000000000 0.1000000000
451 75.0000000000 0.1000000000
527 76.0000000000 0.1000000000
545 77.0000000000 0.1000000000
563 78.0000000000 0.1000000000
600 79.0000000000 0.1000000000
651 80.0000000000 0.1000000000
673 81.0000000000 0.1000000000
712 82.0000000000 0.1000000000
939 83.0000000000 0.1000000000
1136 84.0000000000 0.1000000000
1143 85.0000000000 0.1000000000
1174 86.0000000000 0.1000000000
1194 87.0000000000 0.1000000000
1412 88.0000000000 0.1000000000
1431 89.0000000000 0.1000000000
1678 90.0000000000 0.1000000000
1767 91.0000000000 0.1000000000
1798 92.0000000000 0.1000000000
1833 93.0000000000 0.1000000000
2260 94.0000000000 0.1000000000
2471 95.0000000000 0.1000000000
2666 96.0000000000 0.1000000000
3072 97.0000000000 0.1000000000
4039 98.0000000000 0.1000000000
5365 99.0000000000 0.1000000000
9446 100.0000000000 0.1000000000
evaluations raw_y evaporation_rate
1 48.0000000000 0.1000000000
2 54.0000000000 0.1000000000
3 55.0000000000 0.1000000000
9 61.0000000000 0.1000000000
24 62.0000000000 0.1000000000
28 63.0000000000 0.1000000000
29 66.0000000000 0.1000000000
39 67.0000000000 0.1000000000
47 69.0000000000 0.1000000000
54 70.0000000000 0.1000000000
93 71.0000000000 0.1000000000
107 72.0000000000 0.1000000000
174 73.0000000000 0.1000000000
197 74.0000000000 0.1000000000
233 75.0000000000 0.1000000000
243 76.0000000000 0.1000000000
290 77.0000000000 0.1000000000
328 78.0000000000 0.1000000000
353 79.0000000000 0.1000000000
457 80.0000000000 0.1000000000
519 81.0000000000 0.1000000000
653 82.0000000000 0.1000000000
737 83.0000000000 0.1000000000
795 84.0000000000 0.1000000000
918 85.0000000000 0.1000000000
963 86.0000000000 0.1000000000
1062 87.0000000000 0.1000000000
1160 88.0000000000 0.1000000000
1283 89.0000000000 0.1000000000
1351 90.0000000000 0.1000000000
1390 91.0000000000 0.1000000000
1415 92.0000000000 0.1000000000
1524 93.0000000000 0.1000000000
1768 94.0000000000 0.1000000000
1838 95.0000000000 0.1000000000
1964 96.0000000000 0.1000000000
2041 97.0000000000 0.1000000000
2459 98.0000000000 0.1000000000
2654 99.0000000000 0.1000000000
3276 100.0000000000 0.1000000000
evaluations raw_y evaporation_rate
1 48.0000000000 0.1000000000
2 50.0000000000 0.1000000000
3 51.0000000000 0.1000000000
8 61.0000000000 0.1000000000
22 63.0000000000 0.1000000000
37 64.0000000000 0.1000000000
39 65.0000000000 0.1000000000
40 66.0000000000 0.1000000000
47 67.0000000000 0.1000000000
53 68.0000000000 0.1000000000
79 70.0000000000 0.1000000000
90 71.0000000000 0.1000000000
104 72.0000000000 0.1000000000
153 73.0000000000 0.1000000000
243 74.0000000000 0.1000000000
281 75.0000000000 0.1000000000
314 76.0000000000 0.1000000000
338 77.0000000000 0.1000000000
361 78.0000000000 0.1000000000
449 79.0000000000 0.1000000000
454 80.0000000000 0.1000000000
460 81.0000000000 0.1000000000
687 82.0000000000 0.1000000000
733 83.0000000000 0.1000000000
792 84.0000000000 0.1000000000
1054 85.0000000000 0.1000000000
1081 86.0000000000 0.1000000000
1110 87.0000000000 0.1000000000
1227 88.0000000000 0.1000000000
1352 89.0000000000 0.1000000000
1563 90.0000000000 0.1000000000
1730 91.0000000000 0.1000000000
1826 92.0000000000 0.1000000000
2028 93.0000000000 0.1000000000
2186 94.0000000000 0.1000000000
2218 95.0000000000 0.1000000000
2547 96.0000000000 0.1000000000
2594 97.0000000000 0.1000000000
3494 98.0000000000 0.1000000000
3731 99.0000000000 0.1000000000
3891 100.0000000000 0.1000000000
evaluations raw_y evaporation_rate
1 49.0000000000 0.1000000000
2 52.0000000000 0.1000000000
5 54.0000000000 0.1000000000
7 56.0000000000 0.1000000000
10 62.0000000000 0.1000000000
25 64.0000000000 0.1000000000
31 66.0000000000 0.1000000000
40 67.0000000000 0.1000000000
62 68.0000000000 0.1000000000
110 69.0000000000 0.1000000000
129 70.0000000000 0.1000000000
148 71.0000000000 0.1000000000
164 72.0000000000 0.1000000000
184 73.0000000000 0.1000000000
235 74.0000000000 0.1000000000
247 75.0000000000 0.1000000000
267 76.0000000000 0.1000000000
312 77.0000000000 0.1000000000
416 78.0000000000 0.1000000000
470 79.0000000000 0.1000000000
606 80.0000000000 0.1000000000
641 81.0000000000 0.1000000000
655 82.0000000000 0.1000000000
745 83.0000000000 0.1000000000
784 84.0000000000 0.1000000000
808 85.0000000000 0.1000000000
861 86.0000000000 0.1000000000
911 87.0000000000 0.1000000000
951 88.0000000000 0.1000000000
986 89.0000000000 0.1000000000
1002 90.0000000000 0.1000000000
1082 91.0000000000 0.1000000000
1139 92.0000000000 0.1000000000
1270 93.0000000000 0.1000000000
1285 94.0000000000 0.1000000000
1371 95.0000000000 0.1000000000
1484 96.0000000000 0.1000000000
1507 97.0000000000 0.1000000000
1646 98.0000000000 0.1000000000
1683 99.0000000000 0.1000000000
1743 100.0000000000 0.1000000000
evaluations raw_y evaporation_rate
1 45.0000000000 0.1000000000
2 50.0000000000 0.1000000000
4 51.0000000000 0.1000000000
6 52.0000000000 0.1000000000
10 56.0000000000 0.1000000000
14 59.0000000000 0.1000000000
28 60.0000000000 0.1000000000
34 63.0000000000 0.1000000000
40 64.0000000000 0.1000000000
44 65.0000000000 0.1000000000
50 66.0000000000 0.1000000000
87 67.0000000000 0.1000000000
108 68.0000000000 0.1000000000
122 69.0000000000 0.1000000000
171 70.0000000000 0.1000000000
179 71.0000000000 0.1000000000
210 72.0000000000 0.1000000000
221 73.0000000000 0.1000000000
276 74.0000000000 0.1000000000
334 75.0000000000 0.1000000000
383 76.0000000000 0.1000000000
394 77.0000000000 0.1000000000
402 78.0000000000 0.1000000000
515 79.0000000000 0.1000000000
604 80.0000000000 0.1000000000
793 81.0000000000 0.1000000000
836 82.0000000000 0.1000000000
1025 83.0000000000 0.1000000000
1055 85.0000000000 0.1000000000
1158 86.0000000000 0.1000000000
1179 87.0000000000 0.1000000000
1194 88.0000000000 0.1000000000
1260 89.0000000000 0.1000000000
1339 90.0000000000 0.1000000000
1518 91.0000000000 0.1000000000
1527 92.0000000000 0.1000000000
1748 93.0000000000 0.1000000000
2014 94.0000000000 0.1000000000
2695 95.0000000000 0.1000000000
2720 96.0000000000 0.1000000000
2918 97.0000000000 0.1000000000
3580 98.0000000000 0.1000000000
4879 99.0000000000 0.1000000000
5392 100.0000000000 0.1000000000
evaluations raw_y evaporation_rate
1 55.0000000000 0.1000000000
10 60.0000000000 0.1000000000
18 63.0000000000 0.1000000000
34 65.0000000000 0.1000000000
43 66.0000000000 0.1000000000
50 67.0000000000 0.1000000000
69 68.0000000000 0.1000000000
228 69.0000000000 0.1000000000
259 70.0000000000 0.1000000000
282 71.0000000000 0.1000000000
293 72.0000000000 0.1000000000
339 73.0000000000 0.1000000000
385 74.0000000000 0.1000000000
427 75.0000000000 0.1000000000
436 76.0000000000 0.1000000000
442 77.0000000000 0.1000000000
490 78.0000000000 0.1000000000
577 79.0000000000 0.1000000000
648 80.0000000000 0.1000000000
663 81.0000000000 0.1000000000
712 82.0000000000 0.1000000000
781 83.0000000000 0.1000000000
878 84.0000000000 0.1000000000
929 85.0000000000 0.1000000000
949 86.0000000000 0.1000000000
974 87.0000000000 0.1000000000
1083 88.0000000000 0.1000000000
1150 89.0000000000 0.1000000000
1223 90.0000000000 0.1000000000
1264 91.0000000000 0.1000000000
1269 92.0000000000 0.1000000000
1368 93.0000000000 0.1000000000
1618 94.0000000000 0.1000000000
1671 95.0000000000 0.1000000000
1922 96.0000000000 0.1000000000
2099 97.0000000000 0.1000000000
2436 98.0000000000 0.1000000000
2686 99.0000000000 0.1000000000
5585 100.0000000000 0.1000000000
evaluations raw_y evaporation_rate
1 58.0000000000 0.1000000000
4 59.0000000000 0.1000000000
11 62.0000000000 0.1000000000
25 63.0000000000 0.1000000000
28 65.0000000000 0.1000000000
34 66.0000000000 0.1000000000
43 67.0000000000 0.1000000000
47 69.0000000000 0.1000000000
60 70.0000000000 0.1000000000
94 71.0000000000 0.1000000000
143 72.0000000000 0.1000000000
158 73.0000000000 0.1000000000
173 74.0000000000 0.1000000000
277 75.0000000000 0.1000000000
305 76.0000000000 0.1000000000
412 77.0000000000 0.1000000000
427 78.0000000000 0.1000000000
481 79.0000000000 0.1000000000
506 80.0000000000 0.1000000000
607 81.0000000000 0.1000000000
657 82.0000000000 0.1000000000
666 83.0000000000 0.1000000000
730 84.0000000000 0.1000000000
814 85.0000000000 0.1000000000
835 86.0000000000 0.1000000000
966 87.0000000000 0.1000000000
996 88.0000000000 0.1000000000
1571 89.0000000000 0.1000000000
2240 90.0000000000 0.1000000000
2789 91.0000000000 0.1000000000
2920 92.0000000000 0.1000000000
2991 93.0000000000 0.1000000000
3161 94.0000000000 0.1000000000
3302 95.0000000000 0.1000000000
3670 96.0000000000 0.1000000000
4028 97.0000000000 0.1000000000
4117 98.0000000000 0.1000000000
4928 99.0000000000 0.1000000000
5147 100.0000000000 0.1000000000
evaluations raw_y evaporation_rate
1 42.0000000000 0.1000000000
3 50.0000000000 0.1000000000
6 53.0000000000 0.1000000000
8 55.0000000000 0.1000000000
10 57.0000000000 0.1000000000
22 61.0000000000 0.1000000000
41 63.0000000000 0.1000000000
49 64.0000000000 0.1000000000
61 65.0000000000 0.1000000000
80 66.0000000000 0.1000000000
96 67.0000000000 0.1000000000
115 68.0000000000 0.1000000000
131 69.0000000000 0.1000000000
194 70.0000000000 0.1000000000
247 71.0000000000 0.1000000000
271 72.0000000000 0.1000000000
276 73.0000000000 0.1000000000
304 74.0000000000 0.1000000000
347 75.0000000000 0.1000000000
356 76.0000000000 0.1000000000
416 77.0000000000 0.1000000000
641 78.0000000000 0.1000000000
642 79.0000000000 0.1000000000
691 80.0000000000 0.1000000000
869 81.0000000000 0.1000000000
891 82.0000000000 0.1000000000
913 83.0000000000 0.1000000000
1066 85.0000000000 0.1000000000
1080 86.0000000000 0.1000000000
1281 87.0000000000 0.1000000000
1332 88.0000000000 0.1000000000
1364 89.0000000000 0.1000000000
1533 90.0000000000 0.1000000000
1894 91.0000000000 0.1000000000
1974 92.0000000000 0.1000000000
1998 93.0000000000 0.1000000000
2056 94.0000000000 0.1000000000
2124 95.0000000000 0.1000000000
2319 96.0000000000 0.1000000000
2401 97.0000000000 0.1000000000
2997 98.0000000000 0.1000000000
3930 99.0000000000 0.1000000000
4543 100.0000000000 0.1000000000
evaluations raw_y evaporation_rate
1 38.0000000000 0.1000000000
2 48.0000000000 0.1000000000
3 52.0000000000 0.1000000000
8 54.0000000000 0.1000000000
9 57.0000000000 0.1000000000
16 65.0000000000 0.1000000000
29 66.0000000000 0.1000000000
36 67.0000000000 0.1000000000
64 68.0000000000 0.1000000000
89 69.0000000000 0.1000000000
262 70.0000000000 0.1000000000
273 71.0000000000 0.1000000000
297 72.0000000000 0.1000000000
356 73.0000000000 0.1000000000
416 74.0000000000 0.1000000000
568 75.0000000000 0.1000000000
725 76.0000000000 0.1000000000
741 77.0000000000 0.1000000000
931 78.0000000000 0.1000000000
964 79.0000000000 0.1000000000
988 80.0000000000 0.1000000000
1027 81.0000000000 0.1000000000
1039 82.0000000000 0.1000000000
1069 83.0000000000 0.1000000000
1100 84.0000000000 0.1000000000
1138 85.0000000000 0.1000000000
1270 86.0000000000 0.1000000000
1624 87.0000000000 0.1000000000
1752 88.0000000000 0.1000000000
1782 89.0000000000 0.1000000000
2043 90.0000000000 0.1000000000
2679 91.0000000000 0.1000000000
2695 92.0000000000 0.1000000000
2947 93.0000000000 0.1000000000
3134 94.0000000000 0.1000000000
3210 95.0000000000 0.1000000000
3225 96.0000000000 0.1000000000
3257 97.0000000000 0.1000000000
3652 98.0000000000 0.1000000000
4041 99.0000000000 0.1000000000
4558 100.0000000000 0.1000000000
