evaluations raw_y evaporation_rate
1 8.0000000000 1.0000000000
2 8.2000000000 1.0000000000
35 8.4000000000 1.0000000000
105 8.6000000000 1.0000000000
108 8.8000000000 1.0000000000
121 9.0000000000 1.0000000000
149 9.2000000000 1.0000000000
226 9.4000000000 1.0000000000
238 10.4000000000 1.0000000000
416 10.6000000000 1.0000000000
425 10.8000000000 1.0000000000
514 11.0000000000 1.0000000000
539 11.2000000000 1.0000000000
621 11.4000000000 1.0000000000
729 11.6000000000 1.0000000000
769 11.8000000000 1.0000000000
814 12.0000000000 1.0000000000
827 12.2000000000 1.0000000000
838 12.4000000000 1.0000000000
844 12.6000000000 1.0000000000
985 12.8000000000 1.0000000000
1004 13.0000000000 1.0000000000
1033 13.2000000000 1.0000000000
1084 13.4000000000 1.0000000000
1204 13.6000000000 1.0000000000
1224 13.8000000000 1.0000000000
1409 14.0000000000 1.0000000000
1411 14.2000000000 1.0000000000
1452 14.4000000000 1.0000000000
1629 14.6000000000 1.0000000000
1745 14.8000000000 1.0000000000
1846 15.0000000000 1.0000000000
2097 15.2000000000 1.0000000000
2199 15.4000000000 1.0000000000
2360 15.6000000000 1.0000000000
2391 15.8000000000 1.0000000000
3131 16.0000000000 1.0000000000
3407 16.2000000000 1.0000000000
4358 16.4000000000 1.0000000000
100000 16.4000000000 1.0000000000
evaluations raw_y evaporation_rate
1 5.4000000000 1.0000000000
21 5.6000000000 1.0000000000
30 5.8000000000 1.0000000000
51 6.2000000000 1.0000000000
68 6.4000000000 1.0000000000
70 6.6000000000 1.0000000000
99 6.8000000000 1.0000000000
147 7.0000000000 1.0000000000
158 7.2000000000 1.0000000000
160 7.4000000000 1.0000000000
178 7.6000000000 1.0000000000
219 7.8000000000 1.0000000000
220 8.0000000000 1.0000000000
239 8.2000000000 1.0000000000
259 8.4000000000 1.0000000000
334 8.6000000000 1.0000000000
403 8.8000000000 1.0000000000
462 9.0000000000 1.0000000000
508 9.2000000000 1.0000000000
537 9.4000000000 1.0000000000
633 9.6000000000 1.0000000000
750 9.8000000000 1.0000000000
798 10.2000000000 1.0000000000
800 10.4000000000 1.0000000000
804 10.6000000000 1.0000000000
828 10.8000000000 1.0000000000
935 11.0000000000 1.0000000000
957 11.2000000000 1.0000000000
1099 11.4000000000 1.0000000000
1133 11.6000000000 1.0000000000
1137 11.8000000000 1.0000000000
1159 12.0000000000 1.0000000000
1192 12.2000000000 1.0000000000
1279 12.4000000000 1.0000000000
1299 12.6000000000 1.0000000000
1400 12.8000000000 1.0000000000
1412 13.0000000000 1.0000000000
1457 13.2000000000 1.0000000000
1484 13.4000000000 1.0000000000
1496 13.6000000000 1.0000000000
1497 13.8000000000 1.0000000000
1606 14.0000000000 1.0000000000
1786 14.2000000000 1.0000000000
1790 14.4000000000 1.0000000000
1966 14.6000000000 1.0000000000
2484 14.8000000000 1.0000000000
2604 15.0000000000 1.0000000000
2882 15.2000000000 1.0000000000
2909 15.4000000000 1.0000000000
2914 15.6000000000 1.0000000000
2925 15.8000000000 1.0000000000
4075 16.0000000000 1.0000000000
100000 16.0000000000 1.0000000000
evaluations raw_y evaporation_rate
1 8.8000000000 1.0000000000
5 9.0000000000 1.0000000000
51 9.2000000000 1.0000000000
72 9.4000000000 1.0000000000
102 9.6000000000 1.0000000000
113 9.8000000000 1.0000000000
150 10.0000000000 1.0000000000
156 10.2000000000 1.0000000000
268 10.4000000000 1.0000000000
334 10.6000000000 1.0000000000
426 10.8000000000 1.0000000000
440 11.0000000000 1.0000000000
484 11.2000000000 1.0000000000
507 11.4000000000 1.0000000000
508 11.6000000000 1.0000000000
537 11.8000000000 1.0000000000
641 12.0000000000 1.0000000000
649 12.2000000000 1.0000000000
695 12.4000000000 1.0000000000
723 12.6000000000 1.0000000000
811 12.8000000000 1.0000000000
874 13.0000000000 1.0000000000
890 13.2000000000 1.0000000000
939 13.4000000000 1.0000000000
976 13.6000000000 1.0000000000
1026 13.8000000000 1.0000000000
1046 14.0000000000 1.0000000000
1056 14.2000000000 1.0000000000
1116 14.4000000000 1.0000000000
1258 14.6000000000 1.0000000000
1481 14.8000000000 1.0000000000
1689 15.0000000000 1.0000000000
1728 15.2000000000 1.0000000000
1838 15.4000000000 1.0000000000
2063 15.6000000000 1.0000000000
2453 15.8000000000 1.0000000000
3253 16.0000000000 1.0000000000
3483 16.2000000000 1.0000000000
3959 16.4000000000 1.0000000000
100000 16.4000000000 1.0000000000
evaluations raw_y evaporation_rate
1 5.6000000000 1.0000000000
6 5.8000000000 1.0000000000
17 6.8000000000 1.0000000000
25 7.0000000000 1.0000000000
35 8.0000000000 1.0000000000
37 8.2000000000 1.0000000000
51 8.4000000000 1.0000000000
73 8.8000000000 1.0000000000
85 9.0000000000 1.0000000000
127 9.2000000000 1.0000000000
140 9.4000000000 1.0000000000
203 9.6000000000 1.0000000000
308 9.8000000000 1.0000000000
342 10.0000000000 1.0000000000
343 10.2000000000 1.0000000000
363 10.4000000000 1.0000000000
372 10.6000000000 1.0000000000
456 10.8000000000 1.0000000000
503 11.0000000000 1.0000000000
582 11.2000000000 1.0000000000
609 11.4000000000 1.0000000000
643 11.6000000000 1.0000000000
652 11.8000000000 1.0000000000
666 12.0000000000 1.0000000000
728 12.2000000000 1.0000000000
762 12.4000000000 1.0000000000
893 12.6000000000 1.0000000000
900 12.8000000000 1.0000000000
954 13.0000000000 1.0000000000
981 13.2000000000 1.0000000000
1234 13.4000000000 1.0000000000
1282 13.6000000000 1.0000000000
1300 13.8000000000 1.0000000000
1464 14.0000000000 1.0000000000
1481 14.2000000000 1.0000000000
1587 14.4000000000 1.0000000000
1794 14.6000000000 1.0000000000
1934 14.8000000000 1.0000000000
2066 15.0000000000 1.0000000000
2270 15.2000000000 1.0000000000
2305 15.4000000000 1.0000000000
2715 15.6000000000 1.0000000000
2738 15.8000000000 1.0000000000
2871 16.0000000000 1.0000000000
3657 16.2000000000 1.0000000000
4738 16.4000000000 1.0000000000
100000 16.4000000000 1.0000000000
evaluations raw_y evaporation_rate
1 6.4000000000 1.0000000000
8 6.6000000000 1.0000000000
18 6.8000000000 1.0000000000
21 7.2000000000 1.0000000000
36 7.4000000000 1.0000000000
85 7.6000000000 1.0000000000
108 7.8000000000 1.0000000000
143 8.0000000000 1.0000000000
186 8.2000000000 1.0000000000
195 8.4000000000 1.0000000000
237 8.6000000000 1.0000000000
276 8.8000000000 1.0000000000
282 9.0000000000 1.0000000000
304 9.2000000000 1.0000000000
317 9.4000000000 1.0000000000
326 9.6000000000 1.0000000000
336 9.8000000000 1.0000000000
351 10.0000000000 1.0000000000
406 10.2000000000 1.0000000000
477 10.4000000000 1.0000000000
478 10.6000000000 1.0000000000
500 10.8000000000 1.0000000000
503 11.0000000000 1.0000000000
511 11.2000000000 1.0000000000
527 11.4000000000 1.0000000000
545 11.6000000000 1.0000000000
604 11.8000000000 1.0000000000
852 12.0000000000 1.0000000000
858 12.2000000000 1.0000000000
887 12.4000000000 1.0000000000
931 12.6000000000 1.0000000000
936 12.8000000000 1.0000000000
977 13.0000000000 1.0000000000
983 13.2000000000 1.0000000000
1004 13.4000000000 1.0000000000
1050 13.6000000000 1.0000000000
1052 13.8000000000 1.0000000000
1221 14.0000000000 1.0000000000
1245 14.2000000000 1.0000000000
1503 14.4000000000 1.0000000000
1740 14.6000000000 1.0000000000
1795 14.8000000000 1.0000000000
1828 15.0000000000 1.0000000000
1967 15.2000000000 1.0000000000
2308 15.4000000000 1.0000000000
2439 15.6000000000 1.0000000000
3507 15.8000000000 1.0000000000
5224 16.0000000000 1.0000000000
100000 16.0000000000 1.0000000000
evaluations raw_y evaporation_rate
1 5.4000000000 1.0000000000
27 6.4000000000 1.0000000000
34 6.6000000000 1.0000000000
60 6.8000000000 1.0000000000
64 7.0000000000 1.0000000000
79 7.2000000000 1.0000000000
96 7.4000000000 1.0000000000
114 7.6000000000 1.0000000000
148 7.8000000000 1.0000000000
149 8.0000000000 1.0000000000
170 8.2000000000 1.0000000000
177 8.4000000000 1.0000000000
272 8.6000000000 1.0000000000
277 8.8000000000 1.0000000000
284 9.0000000000 1.0000000000
295 9.2000000000 1.0000000000
305 9.4000000000 1.0000000000
319 9.6000000000 1.0000000000
324 9.8000000000 1.0000000000
337 10.0000000000 1.0000000000
373 10.2000000000 1.0000000000
378 10.4000000000 1.0000000000
381 10.6000000000 1.0000000000
491 10.8000000000 1.0000000000
576 11.0000000000 1.0000000000
595 11.2000000000 1.0000000000
646 11.4000000000 1.0000000000
662 11.6000000000 1.0000000000
669 11.8000000000 1.0000000000
727 12.0000000000 1.0000000000
794 12.2000000000 1.0000000000
970 12.4000000000 1.0000000000
1100 12.6000000000 1.0000000000
1103 12.8000000000 1.0000000000
1163 13.0000000000 1.0000000000
1260 13.2000000000 1.0000000000
1301 13.4000000000 1.0000000000
1304 13.6000000000 1.0000000000
1312 13.8000000000 1.0000000000
1324 14.0000000000 1.0000000000
1385 14.2000000000 1.0000000000
1646 14.4000000000 1.0000000000
1690 14.6000000000 1.0000000000
1949 14.8000000000 1.0000000000
2125 15.0000000000 1.0000000000
2233 15.2000000000 1.0000000000
2258 15.4000000000 1.0000000000
2649 15.6000000000 1.0000000000
2691 15.8000000000 1.0000000000
2992 16.0000000000 1.0000000000
4282 16.2000000000 1.0000000000
100000 16.2000000000 1.0000000000
evaluations raw_y evaporation_rate
1 5.6000000000 1.0000000000
60 5.8000000000 1.0000000000
67 6.0000000000 1.0000000000
82 7.0000000000 1.0000000000
93 7.2000000000 1.0000000000
106 7.4000000000 1.0000000000
148 7.6000000000 1.0000000000
184 7.8000000000 1.0000000000
209 8.0000000000 1.0000000000
321 8.2000000000 1.0000000000
390 8.4000000000 1.0000000000
408 8.6000000000 1.0000000000
410 8.8000000000 1.0000000000
435 9.0000000000 1.0000000000
480 9.2000000000 1.0000000000
573 9.4000000000 1.0000000000
586 9.6000000000 1.0000000000
605 9.8000000000 1.0000000000
659 10.0000000000 1.0000000000
678 10.2000000000 1.0000000000
773 10.4000000000 1.0000000000
833 10.6000000000 1.0000000000
949 10.8000000000 1.0000000000
973 11.0000000000 1.0000000000
1159 11.2000000000 1.0000000000
1175 11.4000000000 1.0000000000
1194 11.6000000000 1.0000000000
1263 11.8000000000 1.0000000000
1299 12.0000000000 1.0000000000
1340 12.2000000000 1.0000000000
1412 12.4000000000 1.0000000000
1424 12.6000000000 1.0000000000
1585 12.8000000000 1.0000000000
1663 13.0000000000 1.0000000000
1691 13.2000000000 1.0000000000
1709 13.4000000000 1.0000000000
1848 13.6000000000 1.0000000000
2137 13.8000000000 1.0000000000
2241 14.0000000000 1.0000000000
2292 14.2000000000 1.0000000000
2308 14.4000000000 1.0000000000
2329 14.6000000000 1.0000000000
2719 14.8000000000 1.0000000000
3376 15.0000000000 1.0000000000
3671 15.2000000000 1.0000000000
3703 15.4000000000 1.0000000000
4115 15.6000000000 1.0000000000
4880 15.8000000000 1.0000000000
5156 16.0000000000 1.0000000000
5242 16.2000000000 1.0000000000
100000 16.2000000000 1.0000000000
evaluations raw_y evaporation_rate
1 7.6000000000 1.0000000000
57 7.8000000000 1.0000000000
76 8.0000000000 1.0000000000
81 8.2000000000 1.0000000000
90 8.4000000000 1.0000000000
122 8.6000000000 1.0000000000
160 9.6000000000 1.0000000000
180 9.8000000000 1.0000000000
229 10.0000000000 1.0000000000
340 10.2000000000 1.0000000000
388 10.4000000000 1.0000000000
414 10.6000000000 1.0000000000
514 10.8000000000 1.0000000000
554 11.0000000000 1.0000000000
558 11.2000000000 1.0000000000
621 11.4000000000 1.0000000000
644 11.6000000000 1.0000000000
764 11.8000000000 1.0000000000
766 12.0000000000 1.0000000000
804 12.2000000000 1.0000000000
819 12.4000000000 1.0000000000
908 12.6000000000 1.0000000000
1040 12.8000000000 1.0000000000
1136 13.0000000000 1.0000000000
1178 13.2000000000 1.0000000000
1239 13.4000000000 1.0000000000
1258 13.6000000000 1.0000000000
1387 13.8000000000 1.0000000000
1416 14.0000000000 1.0000000000
1515 14.2000000000 1.0000000000
1658 14.4000000000 1.0000000000
1666 14.6000000000 1.0000000000
2005 14.8000000000 1.0000000000
2018 15.0000000000 1.0000000000
2256 15.2000000000 1.0000000000
2430 15.4000000000 1.0000000000
2466 15.6000000000 1.0000000000
2608 15.8000000000 1.0000000000
2627 16.0000000000 1.0000000000
2703 16.2000000000 1.0000000000
3681 16.4000000000 1.0000000000
100000 16.4000000000 1.0000000000
evaluations raw_y evaporation_rate
1 7.8000000000 1.0000000000
10 8.0000000000 1.0000000000
12 8.2000000000 1.0000000000
23 9.2000000000 1.0000000000
72 9.4000000000 1.0000000000
76 9.6000000000 1.0000000000
81 9.8000000000 1.0000000000
168 10.0000000000 1.0000000000
172 10.2000000000 1.0000000000
208 10.4000000000 1.0000000000
253 10.6000000000 1.0000000000
382 10.8000000000 1.0000000000
490 11.0000000000 1.0000000000
495 11.2000000000 1.0000000000
561 11.4000000000 1.0000000000
595 11.6000000000 1.0000000000
656 11.8000000000 1.0000000000
686 12.0000000000 1.0000000000
897 12.2000000000 1.0000000000
932 12.4000000000 1.0000000000
1079 12.6000000000 1.0000000000
1088 12.8000000000 1.0000000000
1092 13.0000000000 1.0000000000
1152 13.2000000000 1.0000000000
1283 13.4000000000 1.0000000000
1346 13.6000000000 1.0000000000
1349 13.8000000000 1.0000000000
1396 14.0000000000 1.0000000000
1416 14.2000000000 1.0000000000
1556 14.4000000000 1.0000000000
1582 14.6000000000 1.0000000000
1607 14.8000000000 1.0000000000
1674 15.0000000000 1.0000000000
1720 15.2000000000 1.0000000000
1810 15.4000000000 1.0000000000
1863 15.6000000000 1.0000000000
2061 15.8000000000 1.0000000000
3561 16.0000000000 1.0000000000
4020 16.2000000000 1.0000000000
100000 16.2000000000 1.0000000000
evaluations raw_y evaporation_rate
1 5.8000000000 1.0000000000
16 6.0000000000 1.0000000000
65 6.2000000000 1.0000000000
153 6.4000000000 1.0000000000
178 6.6000000000 1.0000000000
231 6.8000000000 1.0000000000
247 7.0000000000 1.0000000000
254 7.2000000000 1.0000000000
287 7.4000000000 1.0000000000
310 7.6000000000 1.0000000000
321 7.8000000000 1.0000000000
350 8.0000000000 1.0000000000
383 8.2000000000 1.0000000000
417 8.4000000000 1.0000000000
470 8.6000000000 1.0000000000
477 8.8000000000 1.0000000000
478 9.0000000000 1.0000000000
491 9.2000000000 1.0000000000
497 9.4000000000 1.0000000000
519 9.6000000000 1.0000000000
530 9.8000000000 1.0000000000
566 10.0000000000 1.0000000000
587 10.2000000000 1.0000000000
595 10.4000000000 1.0000000000
611 10.6000000000 1.0000000000
707 10.8000000000 1.0000000000
781 11.0000000000 1.0000000000
792 11.2000000000 1.0000000000
824 11.4000000000 1.0000000000
825 11.6000000000 1.0000000000
847 11.8000000000 1.0000000000
886 12.0000000000 1.0000000000
945 12.2000000000 1.0000000000
1044 12.4000000000 1.0000000000
1098 12.6000000000 1.0000000000
1171 12.8000000000 1.0000000000
1297 13.0000000000 1.0000000000
1402 13.2000000000 1.0000000000
1412 13.4000000000 1.0000000000
1430 13.6000000000 1.0000000000
1745 13.8000000000 1.0000000000
1816 14.0000000000 1.0000000000
1819 14.2000000000 1.0000000000
1828 14.4000000000 1.0000000000
2093 14.6000000000 1.0000000000
2259 14.8000000000 1.0000000000
2440 15.0000000000 1.0000000000
2489 15.2000000000 1.0000000000
2518 15.4000000000 1.0000000000
2615 15.6000000000 1.0000000000
2737 15.8000000000 1.0000000000
2836 16.0000000000 1.0000000000
100000 16.0000000000 1.0000000000
evaluations raw_y evaporation_rate
1 8.0000000000 0.1000000000
3 10.0000000000 0.1000000000
27 10.4000000000 0.1000000000
37 11.0000000000 0.1000000000
45 11.2000000000 0.1000000000
74 11.4000000000 0.1000000000
105 11.6000000000 0.1000000000
121 11.8000000000 0.1000000000
149 12.0000000000 0.1000000000
178 12.2000000000 0.1000000000
265 12.4000000000 0.1000000000
285 12.6000000000 0.1000000000
304 12.8000000000 0.1000000000
497 13.0000000000 0.1000000000
729 13.2000000000 0.1000000000
769 13.4000000000 0.1000000000
827 13.6000000000 0.1000000000
855 13.8000000000 0.1000000000
985 14.0000000000 0.1000000000
1033 14.2000000000 0.1000000000
1063 14.4000000000 0.1000000000
1084 14.6000000000 0.1000000000
1224 14.8000000000 0.1000000000
1481 15.0000000000 0.1000000000
1629 15.2000000000 0.1000000000
1745 15.4000000000 0.1000000000
1846 15.6000000000 0.1000000000
1973 15.8000000000 0.1000000000
2390 16.0000000000 0.1000000000
2729 16.2000000000 0.1000000000
3407 16.4000000000 0.1000000000
100000 16.4000000000 0.1000000000
evaluations raw_y evaporation_rate
1 5.4000000000 0.1000000000
2 6.0000000000 0.1000000000
4 6.2000000000 0.1000000000
5 6.6000000000 0.1000000000
6 7.0000000000 0.1000000000
9 7.6000000000 0.1000000000
12 9.4000000000 0.1000000000
31 10.6000000000 0.1000000000
42 10.8000000000 0.1000000000
99 11.0000000000 0.1000000000
147 11.2000000000 0.1000000000
158 11.4000000000 0.1000000000
229 11.6000000000 0.1000000000
403 11.8000000000 0.1000000000
459 12.0000000000 0.1000000000
523 13.0000000000 0.1000000000
537 13.2000000000 0.1000000000
660 13.4000000000 0.1000000000
732 13.6000000000 0.1000000000
755 13.8000000000 0.1000000000
798 14.2000000000 0.1000000000
897 14.4000000000 0.1000000000
932 14.6000000000 0.1000000000
1057 14.8000000000 0.1000000000
1133 15.0000000000 0.1000000000
1148 15.2000000000 0.1000000000
1151 15.4000000000 0.1000000000
1233 15.6000000000 0.1000000000
1400 15.8000000000 0.1000000000
1405 16.0000000000 0.1000000000
1496 16.2000000000 0.1000000000
1597 16.4000000000 0.1000000000
1790 16.6000000000 0.1000000000
1796 16.8000000000 0.1000000000
2925 17.0000000000 0.1000000000
100000 17.0000000000 0.1000000000
evaluations raw_y evaporation_rate
1 8.8000000000 0.1000000000
9 9.0000000000 0.1000000000
14 9.2000000000 0.1000000000
17 9.6000000000 0.1000000000
24 10.0000000000 0.1000000000
39 10.2000000000 0.1000000000
46 10.4000000000 0.1000000000
47 10.8000000000 0.1000000000
60 11.0000000000 0.1000000000
64 11.2000000000 0.1000000000
102 11.4000000000 0.1000000000
113 11.6000000000 0.1000000000
150 11.8000000000 0.1000000000
243 12.0000000000 0.1000000000
268 12.2000000000 0.1000000000
334 12.4000000000 0.1000000000
346 12.6000000000 0.1000000000
426 12.8000000000 0.1000000000
484 13.0000000000 0.1000000000
537 13.2000000000 0.1000000000
604 13.4000000000 0.1000000000
649 13.6000000000 0.1000000000
695 13.8000000000 0.1000000000
723 14.0000000000 0.1000000000
842 14.2000000000 0.1000000000
874 14.4000000000 0.1000000000
890 14.6000000000 0.1000000000
976 14.8000000000 0.1000000000
1026 15.0000000000 0.1000000000
1127 15.2000000000 0.1000000000
1258 15.4000000000 0.1000000000
1481 15.6000000000 0.1000000000
1838 15.8000000000 0.1000000000
2079 16.0000000000 0.1000000000
3253 16.2000000000 0.1000000000
3483 16.4000000000 0.1000000000
100000 16.4000000000 0.1000000000
evaluations raw_y evaporation_rate
1 5.6000000000 0.1000000000
3 7.4000000000 0.1000000000
5 7.8000000000 0.1000000000
9 8.8000000000 0.1000000000
19 9.0000000000 0.1000000000
32 9.8000000000 0.1000000000
34 10.4000000000 0.1000000000
51 10.6000000000 0.1000000000
73 10.8000000000 0.1000000000
87 11.0000000000 0.1000000000
127 11.2000000000 0.1000000000
131 11.4000000000 0.1000000000
171 11.6000000000 0.1000000000
203 11.8000000000 0.1000000000
295 12.0000000000 0.1000000000
308 12.2000000000 0.1000000000
342 12.4000000000 0.1000000000
367 12.6000000000 0.1000000000
401 12.8000000000 0.1000000000
409 13.0000000000 0.1000000000
455 13.2000000000 0.1000000000
503 13.4000000000 0.1000000000
609 13.6000000000 0.1000000000
801 13.8000000000 0.1000000000
846 14.0000000000 0.1000000000
878 14.2000000000 0.1000000000
1027 14.4000000000 0.1000000000
1300 14.6000000000 0.1000000000
1355 14.8000000000 0.1000000000
1375 15.0000000000 0.1000000000
1587 15.2000000000 0.1000000000
2247 15.4000000000 0.1000000000
2270 15.6000000000 0.1000000000
2335 15.8000000000 0.1000000000
2444 16.0000000000 0.1000000000
3348 16.2000000000 0.1000000000
4738 16.4000000000 0.1000000000
100000 16.4000000000 0.1000000000
evaluations raw_y evaporation_rate
1 6.4000000000 0.1000000000
3 7.4000000000 0.1000000000
5 8.4000000000 0.1000000000
9 9.0000000000 0.1000000000
16 9.6000000000 0.1000000000
27 10.0000000000 0.1000000000
36 10.6000000000 0.1000000000
43 11.0000000000 0.1000000000
48 11.6000000000 0.1000000000
53 11.8000000000 0.1000000000
59 12.0000000000 0.1000000000
84 12.2000000000 0.1000000000
195 12.4000000000 0.1000000000
230 12.6000000000 0.1000000000
294 12.8000000000 0.1000000000
351 13.0000000000 0.1000000000
406 13.2000000000 0.1000000000
527 13.4000000000 0.1000000000
536 13.6000000000 0.1000000000
852 13.8000000000 0.1000000000
954 14.0000000000 0.1000000000
978 14.2000000000 0.1000000000
983 14.4000000000 0.1000000000
1004 14.6000000000 0.1000000000
1245 14.8000000000 0.1000000000
1310 15.0000000000 0.1000000000
1516 15.2000000000 0.1000000000
1740 15.4000000000 0.1000000000
2387 15.6000000000 0.1000000000
2739 15.8000000000 0.1000000000
2795 16.0000000000 0.1000000000
3507 16.2000000000 0.1000000000
100000 16.2000000000 0.1000000000
evaluations raw_y evaporation_rate
1 5.4000000000 0.1000000000
2 8.0000000000 0.1000000000
4 8.6000000000 0.1000000000
6 9.4000000000 0.1000000000
28 9.6000000000 0.1000000000
35 10.0000000000 0.1000000000
61 11.0000000000 0.1000000000
148 11.2000000000 0.1000000000
149 11.4000000000 0.1000000000
172 11.6000000000 0.1000000000
179 11.8000000000 0.1000000000
226 12.0000000000 0.1000000000
341 12.2000000000 0.1000000000
373 12.4000000000 0.1000000000
410 12.6000000000 0.1000000000
428 12.8000000000 0.1000000000
563 13.0000000000 0.1000000000
576 13.2000000000 0.1000000000
641 13.4000000000 0.1000000000
676 13.6000000000 0.1000000000
794 13.8000000000 0.1000000000
991 14.0000000000 0.1000000000
1002 14.2000000000 0.1000000000
1123 14.6000000000 0.1000000000
1163 14.8000000000 0.1000000000
1260 15.0000000000 0.1000000000
1276 15.2000000000 0.1000000000
1554 15.4000000000 0.1000000000
1646 15.6000000000 0.1000000000
1690 15.8000000000 0.1000000000
2125 16.0000000000 0.1000000000
2989 16.2000000000 0.1000000000
4454 16.4000000000 0.1000000000
8145 16.6000000000 0.1000000000
100000 16.6000000000 0.1000000000
evaluations raw_y evaporation_rate
1 5.6000000000 0.1000000000
2 6.4000000000 0.1000000000
3 6.6000000000 0.1000000000
4 8.0000000000 0.1000000000
8 8.8000000000 0.1000000000
14 9.4000000000 0.1000000000
34 10.0000000000 0.1000000000
51 11.0000000000 0.1000000000
60 11.2000000000 0.1000000000
74 11.4000000000 0.1000000000
104 12.2000000000 0.1000000000
106 12.4000000000 0.1000000000
321 12.6000000000 0.1000000000
366 12.8000000000 0.1000000000
413 13.0000000000 0.1000000000
573 13.2000000000 0.1000000000
586 13.4000000000 0.1000000000
659 13.6000000000 0.1000000000
823 13.8000000000 0.1000000000
837 14.0000000000 0.1000000000
878 14.2000000000 0.1000000000
920 14.4000000000 0.1000000000
973 14.6000000000 0.1000000000
1067 14.8000000000 0.1000000000
1175 15.0000000000 0.1000000000
1424 15.2000000000 0.1000000000
1501 15.4000000000 0.1000000000
1585 15.6000000000 0.1000000000
1691 15.8000000000 0.1000000000
1709 16.0000000000 0.1000000000
2066 16.2000000000 0.1000000000
2308 16.4000000000 0.1000000000
8751 16.6000000000 0.1000000000
100000 16.6000000000 0.1000000000
evaluations raw_y evaporation_rate
1 7.6000000000 0.1000000000
4 8.0000000000 0.1000000000
13 8.2000000000 0.1000000000
24 8.4000000000 0.1000000000
25 9.6000000000 0.1000000000
31 9.8000000000 0.1000000000
33 10.2000000000 0.1000000000
48 10.4000000000 0.1000000000
57 11.0000000000 0.1000000000
181 11.2000000000 0.1000000000
192 11.4000000000 0.1000000000
208 11.6000000000 0.1000000000
265 11.8000000000 0.1000000000
285 12.0000000000 0.1000000000
388 12.2000000000 0.1000000000
472 13.2000000000 0.1000000000
766 13.4000000000 0.1000000000
819 13.6000000000 0.1000000000
908 13.8000000000 0.1000000000
965 14.0000000000 0.1000000000
1132 14.2000000000 0.1000000000
1136 14.4000000000 0.1000000000
1178 14.6000000000 0.1000000000
1258 14.8000000000 0.1000000000
1387 15.0000000000 0.1000000000
1451 15.2000000000 0.1000000000
1658 15.4000000000 0.1000000000
1678 15.6000000000 0.1000000000
1771 15.8000000000 0.1000000000
2018 16.0000000000 0.1000000000
2256 16.2000000000 0.1000000000
2703 16.4000000000 0.1000000000
2813 16.6000000000 0.1000000000
3793 16.8000000000 0.1000000000
4589 17.0000000000 0.1000000000
100000 17.0000000000 0.1000000000
evaluations raw_y evaporation_rate
1 7.8000000000 0.1000000000
4 10.2000000000 0.1000000000
28 10.4000000000 0.1000000000
42 10.8000000000 0.1000000000
63 11.0000000000 0.1000000000
72 11.2000000000 0.1000000000
81 11.4000000000 0.1000000000
97 11.6000000000 0.1000000000
159 11.8000000000 0.1000000000
208 12.0000000000 0.1000000000
490 12.2000000000 0.1000000000
513 12.4000000000 0.1000000000
521 12.6000000000 0.1000000000
595 12.8000000000 0.1000000000
628 13.0000000000 0.1000000000
686 13.2000000000 0.1000000000
869 13.4000000000 0.1000000000
932 13.6000000000 0.1000000000
976 13.8000000000 0.1000000000
1092 14.0000000000 0.1000000000
1117 14.2000000000 0.1000000000
1215 14.4000000000 0.1000000000
1346 14.6000000000 0.1000000000
1582 14.8000000000 0.1000000000
1590 15.0000000000 0.1000000000
1798 15.2000000000 0.1000000000
1810 15.4000000000 0.1000000000
2714 15.6000000000 0.1000000000
2725 15.8000000000 0.1000000000
3001 16.0000000000 0.1000000000
3226 16.2000000000 0.1000000000
4020 16.4000000000 0.1000000000
7123 16.6000000000 0.1000000000
100000 16.6000000000 0.1000000000
evaluations raw_y evaporation_rate
1 5.8000000000 0.1000000000
2 7.2000000000 0.1000000000
6 7.4000000000 0.1000000000
9 8.0000000000 0.1000000000
14 8.2000000000 0.1000000000
16 8.4000000000 0.1000000000
21 9.2000000000 0.1000000000
32 9.4000000000 0.1000000000
46 9.6000000000 0.1000000000
58 10.2000000000 0.1000000000
69 10.4000000000 0.1000000000
92 10.6000000000 0.1000000000
98 10.8000000000 0.1000000000
140 11.0000000000 0.1000000000
157 11.2000000000 0.1000000000
215 11.4000000000 0.1000000000
231 11.6000000000 0.1000000000
287 11.8000000000 0.1000000000
389 12.0000000000 0.1000000000
445 12.2000000000 0.1000000000
470 12.4000000000 0.1000000000
477 12.6000000000 0.1000000000
491 12.8000000000 0.1000000000
502 13.0000000000 0.1000000000
587 13.2000000000 0.1000000000
677 13.4000000000 0.1000000000
781 13.6000000000 0.1000000000
843 13.8000000000 0.1000000000
863 14.0000000000 0.1000000000
928 14.2000000000 0.1000000000
1098 14.4000000000 0.1000000000
1171 14.6000000000 0.1000000000
1272 14.8000000000 0.1000000000
1297 15.0000000000 0.1000000000
1402 15.2000000000 0.1000000000
2259 15.4000000000 0.1000000000
2284 15.6000000000 0.1000000000
2303 15.8000000000 0.1000000000
2489 16.0000000000 0.1000000000
2615 16.2000000000 0.1000000000
2768 16.4000000000 0.1000000000
100000 16.4000000000 0.1000000000
evaluations raw_y evaporation_rate
1 8.0000000000 0.0100000000
3 9.0000000000 0.0100000000
7 10.0000000000 0.0100000000
87 10.6000000000 0.0100000000
131 10.8000000000 0.0100000000
169 11.2000000000 0.0100000000
230 11.4000000000 0.0100000000
260 11.6000000000 0.0100000000
263 11.8000000000 0.0100000000
266 12.4000000000 0.0100000000
326 12.6000000000 0.0100000000
379 13.0000000000 0.0100000000
401 13.2000000000 0.0100000000
426 13.4000000000 0.0100000000
481 13.8000000000 0.0100000000
483 14.0000000000 0.0100000000
607 14.2000000000 0.0100000000
618 14.4000000000 0.0100000000
729 14.6000000000 0.0100000000
741 14.8000000000 0.0100000000
832 15.0000000000 0.0100000000
915 15.2000000000 0.0100000000
1037 15.4000000000 0.0100000000
1422 15.6000000000 0.0100000000
1561 15.8000000000 0.0100000000
1687 16.0000000000 0.0100000000
1808 16.2000000000 0.0100000000
2311 16.4000000000 0.0100000000
2729 16.6000000000 0.0100000000
7167 16.8000000000 0.0100000000
100000 16.8000000000 0.0100000000
evaluations raw_y evaporation_rate
1 5.4000000000 0.0100000000
2 6.0000000000 0.0100000000
5 7.2000000000 0.0100000000
6 8.2000000000 0.0100000000
35 8.4000000000 0.0100000000
54 10.2000000000 0.0100000000
194 11.0000000000 0.0100000000
207 12.4000000000 0.0100000000
236 12.6000000000 0.0100000000
268 12.8000000000 0.0100000000
320 13.0000000000 0.0100000000
338 13.4000000000 0.0100000000
370 13.6000000000 0.0100000000
403 13.8000000000 0.0100000000
438 14.0000000000 0.0100000000
472 14.4000000000 0.0100000000
554 14.6000000000 0.0100000000
599 14.8000000000 0.0100000000
691 15.0000000000 0.0100000000
932 15.2000000000 0.0100000000
1137 15.4000000000 0.0100000000
1156 15.6000000000 0.0100000000
1210 15.8000000000 0.0100000000
1324 16.2000000000 0.0100000000
1414 16.4000000000 0.0100000000
1796 16.6000000000 0.0100000000
2260 16.8000000000 0.0100000000
2610 17.0000000000 0.0100000000
100000 17.0000000000 0.0100000000
evaluations raw_y evaporation_rate
1 8.8000000000 0.0100000000
46 9.2000000000 0.0100000000
77 10.2000000000 0.0100000000
115 10.4000000000 0.0100000000
182 10.8000000000 0.0100000000
194 11.0000000000 0.0100000000
218 11.6000000000 0.0100000000
300 12.0000000000 0.0100000000
315 12.8000000000 0.0100000000
471 13.2000000000 0.0100000000
531 13.6000000000 0.0100000000
569 13.8000000000 0.0100000000
609 14.0000000000 0.0100000000
680 14.2000000000 0.0100000000
693 14.4000000000 0.0100000000
850 14.8000000000 0.0100000000
1287 15.0000000000 0.0100000000
1410 15.2000000000 0.0100000000
1789 15.4000000000 0.0100000000
1939 15.6000000000 0.0100000000
2641 15.8000000000 0.0100000000
3253 16.0000000000 0.0100000000
6160 16.2000000000 0.0100000000
100000 16.2000000000 0.0100000000
evaluations raw_y evaporation_rate
1 5.6000000000 0.0100000000
2 6.6000000000 0.0100000000
3 7.0000000000 0.0100000000
5 8.0000000000 0.0100000000
9 9.2000000000 0.0100000000
91 9.4000000000 0.0100000000
116 11.0000000000 0.0100000000
207 11.2000000000 0.0100000000
253 11.4000000000 0.0100000000
257 11.8000000000 0.0100000000
284 12.0000000000 0.0100000000
291 12.2000000000 0.0100000000
360 12.6000000000 0.0100000000
391 12.8000000000 0.0100000000
440 13.2000000000 0.0100000000
558 13.4000000000 0.0100000000
589 13.6000000000 0.0100000000
649 13.8000000000 0.0100000000
723 14.0000000000 0.0100000000
795 14.2000000000 0.0100000000
1003 14.4000000000 0.0100000000
1503 14.6000000000 0.0100000000
2066 14.8000000000 0.0100000000
2113 15.0000000000 0.0100000000
2251 15.2000000000 0.0100000000
2444 15.4000000000 0.0100000000
2738 15.6000000000 0.0100000000
3053 15.8000000000 0.0100000000
3348 16.0000000000 0.0100000000
3450 16.2000000000 0.0100000000
3695 16.4000000000 0.0100000000
3874 16.6000000000 0.0100000000
100000 16.6000000000 0.0100000000
evaluations raw_y evaporation_rate
1 6.4000000000 0.0100000000
3 6.8000000000 0.0100000000
4 7.4000000000 0.0100000000
5 8.4000000000 0.0100000000
22 9.0000000000 0.0100000000
43 9.8000000000 0.0100000000
100 10.0000000000 0.0100000000
124 11.6000000000 0.0100000000
205 11.8000000000 0.0100000000
243 12.2000000000 0.0100000000
255 12.6000000000 0.0100000000
326 12.8000000000 0.0100000000
333 13.2000000000 0.0100000000
385 13.6000000000 0.0100000000
396 14.0000000000 0.0100000000
473 14.2000000000 0.0100000000
516 14.4000000000 0.0100000000
549 14.6000000000 0.0100000000
624 14.8000000000 0.0100000000
642 15.0000000000 0.0100000000
666 15.2000000000 0.0100000000
1004 15.4000000000 0.0100000000
1243 15.6000000000 0.0100000000
1316 15.8000000000 0.0100000000
1514 16.0000000000 0.0100000000
1933 16.2000000000 0.0100000000
2483 16.4000000000 0.0100000000
2984 16.6000000000 0.0100000000
3803 16.8000000000 0.0100000000
4747 17.0000000000 0.0100000000
100000 17.0000000000 0.0100000000
evaluations raw_y evaporation_rate
1 5.4000000000 0.0100000000
2 6.8000000000 0.0100000000
4 8.6000000000 0.0100000000
18 9.0000000000 0.0100000000
40 9.2000000000 0.0100000000
73 9.4000000000 0.0100000000
104 9.6000000000 0.0100000000
106 9.8000000000 0.0100000000
203 10.6000000000 0.0100000000
229 11.0000000000 0.0100000000
300 11.2000000000 0.0100000000
316 11.4000000000 0.0100000000
357 11.6000000000 0.0100000000
366 11.8000000000 0.0100000000
378 12.4000000000 0.0100000000
417 12.6000000000 0.0100000000
427 12.8000000000 0.0100000000
453 13.6000000000 0.0100000000
495 13.8000000000 0.0100000000
522 14.0000000000 0.0100000000
626 14.2000000000 0.0100000000
684 14.6000000000 0.0100000000
724 14.8000000000 0.0100000000
841 15.0000000000 0.0100000000
885 15.2000000000 0.0100000000
1079 15.4000000000 0.0100000000
1276 15.6000000000 0.0100000000
1447 15.8000000000 0.0100000000
1506 16.0000000000 0.0100000000
2233 16.2000000000 0.0100000000
2552 16.4000000000 0.0100000000
5106 16.6000000000 0.0100000000
100000 16.6000000000 0.0100000000
evaluations raw_y evaporation_rate
1 5.6000000000 0.0100000000
2 7.2000000000 0.0100000000
4 8.0000000000 0.0100000000
13 8.2000000000 0.0100000000
24 8.6000000000 0.0100000000
31 9.2000000000 0.0100000000
41 9.4000000000 0.0100000000
75 10.2000000000 0.0100000000
158 10.8000000000 0.0100000000
160 11.2000000000 0.0100000000
263 11.6000000000 0.0100000000
308 12.2000000000 0.0100000000
318 12.6000000000 0.0100000000
369 13.2000000000 0.0100000000
422 13.6000000000 0.0100000000
450 14.2000000000 0.0100000000
562 14.4000000000 0.0100000000
621 14.6000000000 0.0100000000
680 14.8000000000 0.0100000000
737 15.0000000000 0.0100000000
740 15.2000000000 0.0100000000
1096 15.4000000000 0.0100000000
1212 15.6000000000 0.0100000000
1619 15.8000000000 0.0100000000
2171 16.0000000000 0.0100000000
2800 16.2000000000 0.0100000000
3629 16.4000000000 0.0100000000
4115 16.6000000000 0.0100000000
4803 16.8000000000 0.0100000000
4897 17.0000000000 0.0100000000
7693 17.2000000000 0.0100000000
100000 17.2000000000 0.0100000000
evaluations raw_y evaporation_rate
1 7.6000000000 0.0100000000
4 8.0000000000 0.0100000000
8 8.2000000000 0.0100000000
12 9.4000000000 0.0100000000
71 9.6000000000 0.0100000000
97 10.0000000000 0.0100000000
183 10.6000000000 0.0100000000
184 10.8000000000 0.0100000000
191 11.2000000000 0.0100000000
248 11.8000000000 0.0100000000
271 12.2000000000 0.0100000000
335 12.4000000000 0.0100000000
356 12.8000000000 0.0100000000
400 13.0000000000 0.0100000000
431 13.2000000000 0.0100000000
466 13.6000000000 0.0100000000
524 13.8000000000 0.0100000000
558 14.0000000000 0.0100000000
612 14.2000000000 0.0100000000
664 14.4000000000 0.0100000000
733 14.6000000000 0.0100000000
845 14.8000000000 0.0100000000
911 15.0000000000 0.0100000000
1078 15.2000000000 0.0100000000
1136 15.4000000000 0.0100000000
1276 15.6000000000 0.0100000000
1488 15.8000000000 0.0100000000
1660 16.0000000000 0.0100000000
1819 16.2000000000 0.0100000000
2466 16.4000000000 0.0100000000
3272 16.6000000000 0.0100000000
3681 16.8000000000 0.0100000000
3799 17.0000000000 0.0100000000
100000 17.0000000000 0.0100000000
evaluations raw_y evaporation_rate
1 7.8000000000 0.0100000000
4 8.8000000000 0.0100000000
82 9.2000000000 0.0100000000
84 9.6000000000 0.0100000000
131 9.8000000000 0.0100000000
143 11.8000000000 0.0100000000
225 12.0000000000 0.0100000000
250 12.6000000000 0.0100000000
309 12.8000000000 0.0100000000
326 13.0000000000 0.0100000000
342 13.2000000000 0.0100000000
396 13.4000000000 0.0100000000
402 13.6000000000 0.0100000000
466 14.2000000000 0.0100000000
557 14.4000000000 0.0100000000
671 14.6000000000 0.0100000000
709 14.8000000000 0.0100000000
773 15.0000000000 0.0100000000
834 15.2000000000 0.0100000000
1062 15.4000000000 0.0100000000
1288 15.6000000000 0.0100000000
1381 15.8000000000 0.0100000000
1517 16.0000000000 0.0100000000
1582 16.2000000000 0.0100000000
1720 16.4000000000 0.0100000000
1946 16.6000000000 0.0100000000
4468 16.8000000000 0.0100000000
6142 17.0000000000 0.0100000000
100000 17.0000000000 0.0100000000
evaluations raw_y evaporation_rate
1 5.8000000000 0.0100000000
2 7.2000000000 0.0100000000
4 8.2000000000 0.0100000000
23 9.2000000000 0.0100000000
27 9.6000000000 0.0100000000
38 9.8000000000 0.0100000000
80 10.0000000000 0.0100000000
168 10.6000000000 0.0100000000
178 10.8000000000 0.0100000000
250 11.4000000000 0.0100000000
264 11.8000000000 0.0100000000
309 12.0000000000 0.0100000000
341 12.4000000000 0.0100000000
372 13.0000000000 0.0100000000
383 13.4000000000 0.0100000000
412 13.8000000000 0.0100000000
475 14.0000000000 0.0100000000
485 14.6000000000 0.0100000000
597 14.8000000000 0.0100000000
683 15.0000000000 0.0100000000
720 15.2000000000 0.0100000000
781 15.4000000000 0.0100000000
844 15.8000000000 0.0100000000
1023 16.0000000000 0.0100000000
1742 16.2000000000 0.0100000000
1914 16.4000000000 0.0100000000
2411 16.6000000000 0.0100000000
2451 16.8000000000 0.0100000000
2518 17.0000000000 0.0100000000
100000 17.0000000000 0.0100000000
