evaluations raw_y evaporation_rate
1 46.0000000000 1.0000000000
55 47.0000000000 1.0000000000
60 48.0000000000 1.0000000000
72 49.0000000000 1.0000000000
115 50.0000000000 1.0000000000
120 51.0000000000 1.0000000000
137 52.0000000000 1.0000000000
151 53.0000000000 1.0000000000
155 54.0000000000 1.0000000000
202 55.0000000000 1.0000000000
238 56.0000000000 1.0000000000
296 57.0000000000 1.0000000000
306 58.0000000000 1.0000000000
346 59.0000000000 1.0000000000
395 60.0000000000 1.0000000000
440 61.0000000000 1.0000000000
467 62.0000000000 1.0000000000
468 63.0000000000 1.0000000000
486 64.0000000000 1.0000000000
491 65.0000000000 1.0000000000
525 66.0000000000 1.0000000000
577 67.0000000000 1.0000000000
592 68.0000000000 1.0000000000
642 69.0000000000 1.0000000000
643 70.0000000000 1.0000000000
644 71.0000000000 1.0000000000
726 72.0000000000 1.0000000000
755 73.0000000000 1.0000000000
787 74.0000000000 1.0000000000
853 75.0000000000 1.0000000000
921 76.0000000000 1.0000000000
925 77.0000000000 1.0000000000
1163 78.0000000000 1.0000000000
1418 79.0000000000 1.0000000000
1526 80.0000000000 1.0000000000
1609 81.0000000000 1.0000000000
1621 82.0000000000 1.0000000000
1743 83.0000000000 1.0000000000
1747 84.0000000000 1.0000000000
1756 85.0000000000 1.0000000000
1902 86.0000000000 1.0000000000
1915 87.0000000000 1.0000000000
1927 88.0000000000 1.0000000000
1994 89.0000000000 1.0000000000
2004 90.0000000000 1.0000000000
2047 91.0000000000 1.0000000000
2120 92.0000000000 1.0000000000
2216 93.0000000000 1.0000000000
2273 94.0000000000 1.0000000000
2312 95.0000000000 1.0000000000
2354 96.0000000000 1.0000000000
2440 97.0000000000 1.0000000000
2492 98.0000000000 1.0000000000
5128 99.0000000000 1.0000000000
10804 100.0000000000 1.0000000000
evaluations raw_y evaporation_rate
1 53.0000000000 1.0000000000
31 54.0000000000 1.0000000000
38 55.0000000000 1.0000000000
71 56.0000000000 1.0000000000
74 57.0000000000 1.0000000000
89 58.0000000000 1.0000000000
100 59.0000000000 1.0000000000
102 60.0000000000 1.0000000000
104 61.0000000000 1.0000000000
122 62.0000000000 1.0000000000
146 63.0000000000 1.0000000000
161 64.0000000000 1.0000000000
187 65.0000000000 1.0000000000
191 66.0000000000 1.0000000000
215 67.0000000000 1.0000000000
218 68.0000000000 1.0000000000
227 69.0000000000 1.0000000000
266 70.0000000000 1.0000000000
402 71.0000000000 1.0000000000
429 72.0000000000 1.0000000000
437 73.0000000000 1.0000000000
527 74.0000000000 1.0000000000
545 75.0000000000 1.0000000000
563 76.0000000000 1.0000000000
600 77.0000000000 1.0000000000
651 78.0000000000 1.0000000000
673 79.0000000000 1.0000000000
712 80.0000000000 1.0000000000
825 81.0000000000 1.0000000000
840 82.0000000000 1.0000000000
939 83.0000000000 1.0000000000
1136 84.0000000000 1.0000000000
1170 85.0000000000 1.0000000000
1174 86.0000000000 1.0000000000
1194 87.0000000000 1.0000000000
1391 88.0000000000 1.0000000000
1404 89.0000000000 1.0000000000
1412 90.0000000000 1.0000000000
1431 91.0000000000 1.0000000000
1678 92.0000000000 1.0000000000
1692 93.0000000000 1.0000000000
1767 94.0000000000 1.0000000000
1798 95.0000000000 1.0000000000
2202 96.0000000000 1.0000000000
3072 97.0000000000 1.0000000000
4039 98.0000000000 1.0000000000
6717 99.0000000000 1.0000000000
9061 100.0000000000 1.0000000000
evaluations raw_y evaporation_rate
1 46.0000000000 1.0000000000
13 47.0000000000 1.0000000000
44 48.0000000000 1.0000000000
56 49.0000000000 1.0000000000
100 50.0000000000 1.0000000000
129 51.0000000000 1.0000000000
135 52.0000000000 1.0000000000
175 53.0000000000 1.0000000000
243 54.0000000000 1.0000000000
245 55.0000000000 1.0000000000
274 56.0000000000 1.0000000000
283 57.0000000000 1.0000000000
322 58.0000000000 1.0000000000
337 59.0000000000 1.0000000000
378 60.0000000000 1.0000000000
396 61.0000000000 1.0000000000
439 62.0000000000 1.0000000000
473 63.0000000000 1.0000000000
478 65.0000000000 1.0000000000
528 66.0000000000 1.0000000000
548 67.0000000000 1.0000000000
559 68.0000000000 1.0000000000
628 69.0000000000 1.0000000000
668 70.0000000000 1.0000000000
675 71.0000000000 1.0000000000
713 72.0000000000 1.0000000000
722 73.0000000000 1.0000000000
738 74.0000000000 1.0000000000
846 75.0000000000 1.0000000000
919 76.0000000000 1.0000000000
1010 77.0000000000 1.0000000000
1156 78.0000000000 1.0000000000
1171 79.0000000000 1.0000000000
1180 80.0000000000 1.0000000000
1198 81.0000000000 1.0000000000
1206 82.0000000000 1.0000000000
1227 83.0000000000 1.0000000000
1306 84.0000000000 1.0000000000
1336 85.0000000000 1.0000000000
1447 86.0000000000 1.0000000000
1454 87.0000000000 1.0000000000
1636 88.0000000000 1.0000000000
1668 89.0000000000 1.0000000000
1709 90.0000000000 1.0000000000
1774 91.0000000000 1.0000000000
1829 92.0000000000 1.0000000000
1909 93.0000000000 1.0000000000
2077 94.0000000000 1.0000000000
2105 95.0000000000 1.0000000000
2153 96.0000000000 1.0000000000
2274 97.0000000000 1.0000000000
2350 98.0000000000 1.0000000000
3661 99.0000000000 1.0000000000
8008 100.0000000000 1.0000000000
evaluations raw_y evaporation_rate
1 38.0000000000 1.0000000000
14 39.0000000000 1.0000000000
18 40.0000000000 1.0000000000
53 41.0000000000 1.0000000000
88 42.0000000000 1.0000000000
90 43.0000000000 1.0000000000
138 44.0000000000 1.0000000000
152 45.0000000000 1.0000000000
156 46.0000000000 1.0000000000
159 47.0000000000 1.0000000000
160 48.0000000000 1.0000000000
185 49.0000000000 1.0000000000
199 51.0000000000 1.0000000000
206 52.0000000000 1.0000000000
229 53.0000000000 1.0000000000
282 54.0000000000 1.0000000000
294 55.0000000000 1.0000000000
308 56.0000000000 1.0000000000
328 57.0000000000 1.0000000000
348 58.0000000000 1.0000000000
352 59.0000000000 1.0000000000
372 60.0000000000 1.0000000000
410 61.0000000000 1.0000000000
455 62.0000000000 1.0000000000
499 63.0000000000 1.0000000000
510 64.0000000000 1.0000000000
531 65.0000000000 1.0000000000
546 66.0000000000 1.0000000000
556 67.0000000000 1.0000000000
565 68.0000000000 1.0000000000
593 69.0000000000 1.0000000000
601 70.0000000000 1.0000000000
626 71.0000000000 1.0000000000
666 72.0000000000 1.0000000000
685 73.0000000000 1.0000000000
708 74.0000000000 1.0000000000
884 75.0000000000 1.0000000000
918 76.0000000000 1.0000000000
925 77.0000000000 1.0000000000
931 78.0000000000 1.0000000000
969 79.0000000000 1.0000000000
992 80.0000000000 1.0000000000
1051 81.0000000000 1.0000000000
1061 82.0000000000 1.0000000000
1190 83.0000000000 1.0000000000
1227 84.0000000000 1.0000000000
1251 85.0000000000 1.0000000000
1287 86.0000000000 1.0000000000
1409 87.0000000000 1.0000000000
1491 88.0000000000 1.0000000000
1492 89.0000000000 1.0000000000
1531 90.0000000000 1.0000000000
1670 91.0000000000 1.0000000000
1672 92.0000000000 1.0000000000
2312 93.0000000000 1.0000000000
2953 94.0000000000 1.0000000000
3035 95.0000000000 1.0000000000
3892 96.0000000000 1.0000000000
4098 97.0000000000 1.0000000000
4205 98.0000000000 1.0000000000
4293 99.0000000000 1.0000000000
4823 100.0000000000 1.0000000000
evaluations raw_y evaporation_rate
1 50.0000000000 1.0000000000
5 51.0000000000 1.0000000000
35 52.0000000000 1.0000000000
64 53.0000000000 1.0000000000
114 54.0000000000 1.0000000000
169 55.0000000000 1.0000000000
191 56.0000000000 1.0000000000
229 57.0000000000 1.0000000000
232 58.0000000000 1.0000000000
251 59.0000000000 1.0000000000
257 60.0000000000 1.0000000000
326 61.0000000000 1.0000000000
333 62.0000000000 1.0000000000
357 64.0000000000 1.0000000000
476 65.0000000000 1.0000000000
507 66.0000000000 1.0000000000
536 67.0000000000 1.0000000000
550 68.0000000000 1.0000000000
560 69.0000000000 1.0000000000
695 70.0000000000 1.0000000000
702 71.0000000000 1.0000000000
718 72.0000000000 1.0000000000
927 73.0000000000 1.0000000000
939 74.0000000000 1.0000000000
1042 75.0000000000 1.0000000000
1060 76.0000000000 1.0000000000
1164 77.0000000000 1.0000000000
1167 78.0000000000 1.0000000000
1187 79.0000000000 1.0000000000
1217 80.0000000000 1.0000000000
1254 81.0000000000 1.0000000000
1363 82.0000000000 1.0000000000
1446 83.0000000000 1.0000000000
1464 84.0000000000 1.0000000000
1492 85.0000000000 1.0000000000
1679 86.0000000000 1.0000000000
1686 87.0000000000 1.0000000000
1748 88.0000000000 1.0000000000
1779 89.0000000000 1.0000000000
1910 90.0000000000 1.0000000000
2084 91.0000000000 1.0000000000
2115 92.0000000000 1.0000000000
2379 93.0000000000 1.0000000000
2481 94.0000000000 1.0000000000
2508 95.0000000000 1.0000000000
2830 96.0000000000 1.0000000000
3006 97.0000000000 1.0000000000
3079 98.0000000000 1.0000000000
3109 99.0000000000 1.0000000000
5216 100.0000000000 1.0000000000
evaluations raw_y evaporation_rate
1 45.0000000000 1.0000000000
50 46.0000000000 1.0000000000
51 47.0000000000 1.0000000000
97 48.0000000000 1.0000000000
116 49.0000000000 1.0000000000
147 50.0000000000 1.0000000000
154 51.0000000000 1.0000000000
161 52.0000000000 1.0000000000
166 53.0000000000 1.0000000000
180 54.0000000000 1.0000000000
196 55.0000000000 1.0000000000
201 56.0000000000 1.0000000000
208 57.0000000000 1.0000000000
223 58.0000000000 1.0000000000
238 59.0000000000 1.0000000000
276 60.0000000000 1.0000000000
286 61.0000000000 1.0000000000
303 62.0000000000 1.0000000000
315 63.0000000000 1.0000000000
363 64.0000000000 1.0000000000
403 65.0000000000 1.0000000000
432 66.0000000000 1.0000000000
473 67.0000000000 1.0000000000
513 68.0000000000 1.0000000000
514 69.0000000000 1.0000000000
570 70.0000000000 1.0000000000
628 71.0000000000 1.0000000000
743 72.0000000000 1.0000000000
812 73.0000000000 1.0000000000
826 74.0000000000 1.0000000000
843 75.0000000000 1.0000000000
867 76.0000000000 1.0000000000
901 77.0000000000 1.0000000000
954 78.0000000000 1.0000000000
1021 79.0000000000 1.0000000000
1121 80.0000000000 1.0000000000
1135 81.0000000000 1.0000000000
1139 82.0000000000 1.0000000000
1236 83.0000000000 1.0000000000
1247 84.0000000000 1.0000000000
1378 85.0000000000 1.0000000000
1509 86.0000000000 1.0000000000
1587 87.0000000000 1.0000000000
1694 88.0000000000 1.0000000000
1731 89.0000000000 1.0000000000
1733 90.0000000000 1.0000000000
1755 91.0000000000 1.0000000000
2026 92.0000000000 1.0000000000
2224 93.0000000000 1.0000000000
2409 94.0000000000 1.0000000000
2706 95.0000000000 1.0000000000
2716 96.0000000000 1.0000000000
2959 97.0000000000 1.0000000000
3225 98.0000000000 1.0000000000
5216 99.0000000000 1.0000000000
8530 100.0000000000 1.0000000000
evaluations raw_y evaporation_rate
1 42.0000000000 1.0000000000
37 43.0000000000 1.0000000000
74 44.0000000000 1.0000000000
81 45.0000000000 1.0000000000
114 46.0000000000 1.0000000000
150 47.0000000000 1.0000000000
165 48.0000000000 1.0000000000
174 49.0000000000 1.0000000000
206 50.0000000000 1.0000000000
234 51.0000000000 1.0000000000
243 52.0000000000 1.0000000000
250 53.0000000000 1.0000000000
281 54.0000000000 1.0000000000
369 55.0000000000 1.0000000000
375 56.0000000000 1.0000000000
398 57.0000000000 1.0000000000
424 58.0000000000 1.0000000000
430 59.0000000000 1.0000000000
492 60.0000000000 1.0000000000
544 61.0000000000 1.0000000000
558 62.0000000000 1.0000000000
589 63.0000000000 1.0000000000
592 64.0000000000 1.0000000000
626 65.0000000000 1.0000000000
654 66.0000000000 1.0000000000
660 67.0000000000 1.0000000000
670 68.0000000000 1.0000000000
681 69.0000000000 1.0000000000
736 70.0000000000 1.0000000000
751 71.0000000000 1.0000000000
762 72.0000000000 1.0000000000
784 73.0000000000 1.0000000000
810 74.0000000000 1.0000000000
816 75.0000000000 1.0000000000
840 76.0000000000 1.0000000000
883 77.0000000000 1.0000000000
884 78.0000000000 1.0000000000
885 79.0000000000 1.0000000000
906 80.0000000000 1.0000000000
915 81.0000000000 1.0000000000
969 82.0000000000 1.0000000000
1111 83.0000000000 1.0000000000
1161 84.0000000000 1.0000000000
1458 85.0000000000 1.0000000000
1481 86.0000000000 1.0000000000
1492 87.0000000000 1.0000000000
1575 88.0000000000 1.0000000000
1601 89.0000000000 1.0000000000
1734 90.0000000000 1.0000000000
1742 91.0000000000 1.0000000000
1766 92.0000000000 1.0000000000
1807 93.0000000000 1.0000000000
1842 94.0000000000 1.0000000000
1885 95.0000000000 1.0000000000
2321 96.0000000000 1.0000000000
2682 97.0000000000 1.0000000000
2772 98.0000000000 1.0000000000
3045 99.0000000000 1.0000000000
5942 100.0000000000 1.0000000000
evaluations raw_y evaporation_rate
1 53.0000000000 1.0000000000
8 54.0000000000 1.0000000000
36 55.0000000000 1.0000000000
37 56.0000000000 1.0000000000
85 57.0000000000 1.0000000000
97 58.0000000000 1.0000000000
122 59.0000000000 1.0000000000
131 60.0000000000 1.0000000000
138 61.0000000000 1.0000000000
161 62.0000000000 1.0000000000
167 63.0000000000 1.0000000000
222 64.0000000000 1.0000000000
286 65.0000000000 1.0000000000
393 66.0000000000 1.0000000000
419 67.0000000000 1.0000000000
428 68.0000000000 1.0000000000
439 69.0000000000 1.0000000000
471 70.0000000000 1.0000000000
485 71.0000000000 1.0000000000
502 72.0000000000 1.0000000000
523 73.0000000000 1.0000000000
595 74.0000000000 1.0000000000
607 75.0000000000 1.0000000000
635 76.0000000000 1.0000000000
668 77.0000000000 1.0000000000
700 78.0000000000 1.0000000000
746 79.0000000000 1.0000000000
826 80.0000000000 1.0000000000
962 81.0000000000 1.0000000000
1009 82.0000000000 1.0000000000
1038 83.0000000000 1.0000000000
1051 84.0000000000 1.0000000000
1095 85.0000000000 1.0000000000
1182 86.0000000000 1.0000000000
1231 87.0000000000 1.0000000000
1313 88.0000000000 1.0000000000
1712 89.0000000000 1.0000000000
1715 90.0000000000 1.0000000000
1849 91.0000000000 1.0000000000
1913 92.0000000000 1.0000000000
1990 93.0000000000 1.0000000000
2037 94.0000000000 1.0000000000
2075 95.0000000000 1.0000000000
2148 96.0000000000 1.0000000000
2363 97.0000000000 1.0000000000
2974 98.0000000000 1.0000000000
3644 99.0000000000 1.0000000000
4089 100.0000000000 1.0000000000
evaluations raw_y evaporation_rate
1 51.0000000000 1.0000000000
41 52.0000000000 1.0000000000
65 53.0000000000 1.0000000000
93 54.0000000000 1.0000000000
97 55.0000000000 1.0000000000
105 56.0000000000 1.0000000000
114 57.0000000000 1.0000000000
126 58.0000000000 1.0000000000
142 59.0000000000 1.0000000000
156 60.0000000000 1.0000000000
166 61.0000000000 1.0000000000
180 62.0000000000 1.0000000000
223 63.0000000000 1.0000000000
281 64.0000000000 1.0000000000
290 65.0000000000 1.0000000000
315 66.0000000000 1.0000000000
333 67.0000000000 1.0000000000
345 68.0000000000 1.0000000000
358 69.0000000000 1.0000000000
375 70.0000000000 1.0000000000
377 72.0000000000 1.0000000000
405 73.0000000000 1.0000000000
492 74.0000000000 1.0000000000
528 75.0000000000 1.0000000000
556 76.0000000000 1.0000000000
650 77.0000000000 1.0000000000
707 78.0000000000 1.0000000000
794 79.0000000000 1.0000000000
801 80.0000000000 1.0000000000
1019 81.0000000000 1.0000000000
1061 82.0000000000 1.0000000000
1078 83.0000000000 1.0000000000
1209 84.0000000000 1.0000000000
1221 85.0000000000 1.0000000000
1232 86.0000000000 1.0000000000
1252 87.0000000000 1.0000000000
1506 88.0000000000 1.0000000000
1523 89.0000000000 1.0000000000
1602 90.0000000000 1.0000000000
1661 91.0000000000 1.0000000000
1675 92.0000000000 1.0000000000
1731 93.0000000000 1.0000000000
1975 94.0000000000 1.0000000000
1994 95.0000000000 1.0000000000
2630 96.0000000000 1.0000000000
3232 97.0000000000 1.0000000000
3329 98.0000000000 1.0000000000
4042 99.0000000000 1.0000000000
7009 100.0000000000 1.0000000000
evaluations raw_y evaporation_rate
1 52.0000000000 1.0000000000
2 53.0000000000 1.0000000000
44 54.0000000000 1.0000000000
45 55.0000000000 1.0000000000
70 56.0000000000 1.0000000000
87 57.0000000000 1.0000000000
115 58.0000000000 1.0000000000
128 59.0000000000 1.0000000000
137 60.0000000000 1.0000000000
163 61.0000000000 1.0000000000
193 62.0000000000 1.0000000000
251 63.0000000000 1.0000000000
264 64.0000000000 1.0000000000
291 65.0000000000 1.0000000000
299 66.0000000000 1.0000000000
306 67.0000000000 1.0000000000
370 68.0000000000 1.0000000000
414 69.0000000000 1.0000000000
416 70.0000000000 1.0000000000
421 71.0000000000 1.0000000000
433 72.0000000000 1.0000000000
436 73.0000000000 1.0000000000
535 74.0000000000 1.0000000000
552 75.0000000000 1.0000000000
570 76.0000000000 1.0000000000
692 77.0000000000 1.0000000000
717 78.0000000000 1.0000000000
732 79.0000000000 1.0000000000
734 80.0000000000 1.0000000000
791 81.0000000000 1.0000000000
932 82.0000000000 1.0000000000
959 83.0000000000 1.0000000000
1044 84.0000000000 1.0000000000
1155 85.0000000000 1.0000000000
1173 86.0000000000 1.0000000000
1174 87.0000000000 1.0000000000
1491 88.0000000000 1.0000000000
1556 89.0000000000 1.0000000000
1581 90.0000000000 1.0000000000
1658 91.0000000000 1.0000000000
1747 92.0000000000 1.0000000000
1830 93.0000000000 1.0000000000
1992 94.0000000000 1.0000000000
2266 95.0000000000 1.0000000000
2421 96.0000000000 1.0000000000
2485 97.0000000000 1.0000000000
2486 98.0000000000 1.0000000000
2828 99.0000000000 1.0000000000
3154 100.0000000000 1.0000000000
evaluations raw_y evaporation_rate
1 46.0000000000 0.1000000000
2 47.0000000000 0.1000000000
5 52.0000000000 0.1000000000
9 55.0000000000 0.1000000000
11 57.0000000000 0.1000000000
21 60.0000000000 0.1000000000
24 63.0000000000 0.1000000000
30 66.0000000000 0.1000000000
39 69.0000000000 0.1000000000
51 70.0000000000 0.1000000000
58 72.0000000000 0.1000000000
75 75.0000000000 0.1000000000
83 76.0000000000 0.1000000000
115 77.0000000000 0.1000000000
120 78.0000000000 0.1000000000
202 79.0000000000 0.1000000000
238 80.0000000000 0.1000000000
296 81.0000000000 0.1000000000
311 82.0000000000 0.1000000000
346 83.0000000000 0.1000000000
395 84.0000000000 0.1000000000
491 85.0000000000 0.1000000000
537 86.0000000000 0.1000000000
570 87.0000000000 0.1000000000
643 88.0000000000 0.1000000000
726 89.0000000000 0.1000000000
853 90.0000000000 0.1000000000
1083 91.0000000000 0.1000000000
1157 92.0000000000 0.1000000000
1223 93.0000000000 0.1000000000
1574 94.0000000000 0.1000000000
1621 95.0000000000 0.1000000000
1756 96.0000000000 0.1000000000
1927 97.0000000000 0.1000000000
2216 98.0000000000 0.1000000000
2772 99.0000000000 0.1000000000
4372 100.0000000000 0.1000000000
evaluations raw_y evaporation_rate
1 48.0000000000 0.1000000000
2 49.0000000000 0.1000000000
3 51.0000000000 0.1000000000
9 54.0000000000 0.1000000000
14 56.0000000000 0.1000000000
17 59.0000000000 0.1000000000
25 62.0000000000 0.1000000000
30 64.0000000000 0.1000000000
46 65.0000000000 0.1000000000
47 66.0000000000 0.1000000000
58 67.0000000000 0.1000000000
60 68.0000000000 0.1000000000
76 69.0000000000 0.1000000000
94 70.0000000000 0.1000000000
135 71.0000000000 0.1000000000
163 72.0000000000 0.1000000000
184 73.0000000000 0.1000000000
190 74.0000000000 0.1000000000
206 75.0000000000 0.1000000000
221 76.0000000000 0.1000000000
316 77.0000000000 0.1000000000
353 78.0000000000 0.1000000000
367 79.0000000000 0.1000000000
503 80.0000000000 0.1000000000
550 81.0000000000 0.1000000000
594 82.0000000000 0.1000000000
818 83.0000000000 0.1000000000
834 84.0000000000 0.1000000000
929 85.0000000000 0.1000000000
1016 86.0000000000 0.1000000000
1085 87.0000000000 0.1000000000
1436 88.0000000000 0.1000000000
1463 89.0000000000 0.1000000000
1523 90.0000000000 0.1000000000
1616 91.0000000000 0.1000000000
1712 92.0000000000 0.1000000000
1782 93.0000000000 0.1000000000
1840 94.0000000000 0.1000000000
2124 95.0000000000 0.1000000000
2284 96.0000000000 0.1000000000
2559 97.0000000000 0.1000000000
2583 98.0000000000 0.1000000000
3114 99.0000000000 0.1000000000
3231 100.0000000000 0.1000000000
evaluations raw_y evaporation_rate
1 57.0000000000 0.1000000000
11 59.0000000000 0.1000000000
14 60.0000000000 0.1000000000
19 65.0000000000 0.1000000000
31 68.0000000000 0.1000000000
51 70.0000000000 0.1000000000
65 71.0000000000 0.1000000000
70 72.0000000000 0.1000000000
83 73.0000000000 0.1000000000
87 74.0000000000 0.1000000000
91 75.0000000000 0.1000000000
145 76.0000000000 0.1000000000
283 77.0000000000 0.1000000000
287 78.0000000000 0.1000000000
300 79.0000000000 0.1000000000
357 80.0000000000 0.1000000000
448 81.0000000000 0.1000000000
560 82.0000000000 0.1000000000
613 83.0000000000 0.1000000000
650 84.0000000000 0.1000000000
658 85.0000000000 0.1000000000
691 86.0000000000 0.1000000000
725 87.0000000000 0.1000000000
782 88.0000000000 0.1000000000
783 89.0000000000 0.1000000000
884 90.0000000000 0.1000000000
924 91.0000000000 0.1000000000
1063 92.0000000000 0.1000000000
1076 93.0000000000 0.1000000000
1349 94.0000000000 0.1000000000
1474 95.0000000000 0.1000000000
1741 96.0000000000 0.1000000000
1963 97.0000000000 0.1000000000
2271 98.0000000000 0.1000000000
3124 99.0000000000 0.1000000000
3630 100.0000000000 0.1000000000
evaluations raw_y evaporation_rate
1 38.0000000000 0.1000000000
2 46.0000000000 0.1000000000
4 47.0000000000 0.1000000000
6 49.0000000000 0.1000000000
7 52.0000000000 0.1000000000
20 58.0000000000 0.1000000000
34 60.0000000000 0.1000000000
40 62.0000000000 0.1000000000
46 63.0000000000 0.1000000000
51 64.0000000000 0.1000000000
101 65.0000000000 0.1000000000
109 66.0000000000 0.1000000000
129 67.0000000000 0.1000000000
205 68.0000000000 0.1000000000
304 69.0000000000 0.1000000000
354 70.0000000000 0.1000000000
374 71.0000000000 0.1000000000
396 72.0000000000 0.1000000000
414 73.0000000000 0.1000000000
461 74.0000000000 0.1000000000
512 75.0000000000 0.1000000000
535 76.0000000000 0.1000000000
647 77.0000000000 0.1000000000
714 78.0000000000 0.1000000000
765 79.0000000000 0.1000000000
863 80.0000000000 0.1000000000
940 81.0000000000 0.1000000000
958 82.0000000000 0.1000000000
975 83.0000000000 0.1000000000
998 84.0000000000 0.1000000000
1017 85.0000000000 0.1000000000
1038 86.0000000000 0.1000000000
1247 87.0000000000 0.1000000000
1365 88.0000000000 0.1000000000
1372 89.0000000000 0.1000000000
1568 90.0000000000 0.1000000000
1727 91.0000000000 0.1000000000
1773 92.0000000000 0.1000000000
2042 93.0000000000 0.1000000000
2098 94.0000000000 0.1000000000
2237 95.0000000000 0.1000000000
2313 96.0000000000 0.1000000000
3517 97.0000000000 0.1000000000
3610 98.0000000000 0.1000000000
8632 99.0000000000 0.1000000000
9017 100.0000000000 0.1000000000
evaluations raw_y evaporation_rate
1 48.0000000000 0.1000000000
2 54.0000000000 0.1000000000
3 55.0000000000 0.1000000000
9 61.0000000000 0.1000000000
24 62.0000000000 0.1000000000
28 63.0000000000 0.1000000000
29 66.0000000000 0.1000000000
38 67.0000000000 0.1000000000
47 68.0000000000 0.1000000000
50 69.0000000000 0.1000000000
57 70.0000000000 0.1000000000
93 71.0000000000 0.1000000000
107 72.0000000000 0.1000000000
174 73.0000000000 0.1000000000
197 74.0000000000 0.1000000000
233 75.0000000000 0.1000000000
243 76.0000000000 0.1000000000
328 77.0000000000 0.1000000000
457 78.0000000000 0.1000000000
519 79.0000000000 0.1000000000
653 80.0000000000 0.1000000000
737 81.0000000000 0.1000000000
795 82.0000000000 0.1000000000
918 83.0000000000 0.1000000000
963 84.0000000000 0.1000000000
1062 85.0000000000 0.1000000000
1160 86.0000000000 0.1000000000
1228 87.0000000000 0.1000000000
1283 88.0000000000 0.1000000000
1351 89.0000000000 0.1000000000
1390 90.0000000000 0.1000000000
1415 91.0000000000 0.1000000000
1524 92.0000000000 0.1000000000
1768 93.0000000000 0.1000000000
1838 94.0000000000 0.1000000000
1964 95.0000000000 0.1000000000
2041 96.0000000000 0.1000000000
2459 97.0000000000 0.1000000000
2650 98.0000000000 0.1000000000
2675 99.0000000000 0.1000000000
3276 100.0000000000 0.1000000000
evaluations raw_y evaporation_rate
1 48.0000000000 0.1000000000
2 50.0000000000 0.1000000000
3 51.0000000000 0.1000000000
8 56.0000000000 0.1000000000
11 58.0000000000 0.1000000000
14 59.0000000000 0.1000000000
22 60.0000000000 0.1000000000
24 62.0000000000 0.1000000000
37 66.0000000000 0.1000000000
55 68.0000000000 0.1000000000
57 69.0000000000 0.1000000000
65 70.0000000000 0.1000000000
85 71.0000000000 0.1000000000
104 72.0000000000 0.1000000000
114 73.0000000000 0.1000000000
218 74.0000000000 0.1000000000
314 75.0000000000 0.1000000000
338 76.0000000000 0.1000000000
378 77.0000000000 0.1000000000
417 78.0000000000 0.1000000000
449 79.0000000000 0.1000000000
460 80.0000000000 0.1000000000
548 81.0000000000 0.1000000000
687 82.0000000000 0.1000000000
733 83.0000000000 0.1000000000
942 84.0000000000 0.1000000000
1031 85.0000000000 0.1000000000
1054 86.0000000000 0.1000000000
1069 87.0000000000 0.1000000000
1081 88.0000000000 0.1000000000
1110 89.0000000000 0.1000000000
1191 90.0000000000 0.1000000000
1211 91.0000000000 0.1000000000
1478 92.0000000000 0.1000000000
1563 93.0000000000 0.1000000000
1730 94.0000000000 0.1000000000
1999 95.0000000000 0.1000000000
2117 96.0000000000 0.1000000000
2186 97.0000000000 0.1000000000
2218 98.0000000000 0.1000000000
2594 99.0000000000 0.1000000000
2718 100.0000000000 0.1000000000
evaluations raw_y evaporation_rate
1 48.0000000000 0.1000000000
2 63.0000000000 0.1000000000
13 65.0000000000 0.1000000000
26 66.0000000000 0.1000000000
28 67.0000000000 0.1000000000
34 68.0000000000 0.1000000000
47 69.0000000000 0.1000000000
49 70.0000000000 0.1000000000
53 71.0000000000 0.1000000000
56 72.0000000000 0.1000000000
64 73.0000000000 0.1000000000
138 74.0000000000 0.1000000000
160 75.0000000000 0.1000000000
200 76.0000000000 0.1000000000
210 77.0000000000 0.1000000000
244 78.0000000000 0.1000000000
247 79.0000000000 0.1000000000
299 80.0000000000 0.1000000000
310 81.0000000000 0.1000000000
340 82.0000000000 0.1000000000
351 83.0000000000 0.1000000000
419 84.0000000000 0.1000000000
450 86.0000000000 0.1000000000
494 87.0000000000 0.1000000000
621 88.0000000000 0.1000000000
666 89.0000000000 0.1000000000
940 90.0000000000 0.1000000000
1169 91.0000000000 0.1000000000
1186 92.0000000000 0.1000000000
1224 93.0000000000 0.1000000000
1283 94.0000000000 0.1000000000
1977 95.0000000000 0.1000000000
2039 96.0000000000 0.1000000000
2185 97.0000000000 0.1000000000
2621 98.0000000000 0.1000000000
2819 99.0000000000 0.1000000000
5262 100.0000000000 0.1000000000
evaluations raw_y evaporation_rate
1 51.0000000000 0.1000000000
2 52.0000000000 0.1000000000
8 57.0000000000 0.1000000000
9 58.0000000000 0.1000000000
11 64.0000000000 0.1000000000
25 69.0000000000 0.1000000000
50 70.0000000000 0.1000000000
57 71.0000000000 0.1000000000
67 73.0000000000 0.1000000000
103 74.0000000000 0.1000000000
117 75.0000000000 0.1000000000
238 76.0000000000 0.1000000000
293 77.0000000000 0.1000000000
349 78.0000000000 0.1000000000
375 79.0000000000 0.1000000000
433 80.0000000000 0.1000000000
453 81.0000000000 0.1000000000
519 82.0000000000 0.1000000000
546 83.0000000000 0.1000000000
585 84.0000000000 0.1000000000
682 85.0000000000 0.1000000000
709 86.0000000000 0.1000000000
853 87.0000000000 0.1000000000
1018 88.0000000000 0.1000000000
1138 89.0000000000 0.1000000000
1180 90.0000000000 0.1000000000
1190 91.0000000000 0.1000000000
1419 92.0000000000 0.1000000000
1422 93.0000000000 0.1000000000
1547 94.0000000000 0.1000000000
1556 95.0000000000 0.1000000000
1697 96.0000000000 0.1000000000
1711 97.0000000000 0.1000000000
2357 98.0000000000 0.1000000000
2486 99.0000000000 0.1000000000
3122 100.0000000000 0.1000000000
evaluations raw_y evaporation_rate
1 53.0000000000 0.1000000000
8 54.0000000000 0.1000000000
14 60.0000000000 0.1000000000
15 65.0000000000 0.1000000000
29 67.0000000000 0.1000000000
33 68.0000000000 0.1000000000
47 70.0000000000 0.1000000000
51 71.0000000000 0.1000000000
59 72.0000000000 0.1000000000
72 73.0000000000 0.1000000000
81 75.0000000000 0.1000000000
125 76.0000000000 0.1000000000
138 77.0000000000 0.1000000000
153 78.0000000000 0.1000000000
183 79.0000000000 0.1000000000
204 80.0000000000 0.1000000000
214 81.0000000000 0.1000000000
338 82.0000000000 0.1000000000
351 83.0000000000 0.1000000000
380 84.0000000000 0.1000000000
414 85.0000000000 0.1000000000
572 86.0000000000 0.1000000000
626 87.0000000000 0.1000000000
1074 88.0000000000 0.1000000000
1098 89.0000000000 0.1000000000
1147 90.0000000000 0.1000000000
1177 91.0000000000 0.1000000000
1201 92.0000000000 0.1000000000
1375 93.0000000000 0.1000000000
1688 94.0000000000 0.1000000000
1835 95.0000000000 0.1000000000
1862 96.0000000000 0.1000000000
2243 97.0000000000 0.1000000000
2406 98.0000000000 0.1000000000
2835 99.0000000000 0.1000000000
4980 100.0000000000 0.1000000000
evaluations raw_y evaporation_rate
1 53.0000000000 0.1000000000
8 56.0000000000 0.1000000000
15 62.0000000000 0.1000000000
23 64.0000000000 0.1000000000
36 67.0000000000 0.1000000000
40 68.0000000000 0.1000000000
46 70.0000000000 0.1000000000
50 71.0000000000 0.1000000000
54 72.0000000000 0.1000000000
64 74.0000000000 0.1000000000
84 75.0000000000 0.1000000000
107 76.0000000000 0.1000000000
129 77.0000000000 0.1000000000
149 78.0000000000 0.1000000000
153 79.0000000000 0.1000000000
213 80.0000000000 0.1000000000
397 81.0000000000 0.1000000000
528 82.0000000000 0.1000000000
611 83.0000000000 0.1000000000
681 84.0000000000 0.1000000000
707 85.0000000000 0.1000000000
742 86.0000000000 0.1000000000
773 87.0000000000 0.1000000000
793 88.0000000000 0.1000000000
806 89.0000000000 0.1000000000
834 90.0000000000 0.1000000000
972 91.0000000000 0.1000000000
1139 92.0000000000 0.1000000000
1246 93.0000000000 0.1000000000
1389 94.0000000000 0.1000000000
1405 95.0000000000 0.1000000000
1525 96.0000000000 0.1000000000
2301 97.0000000000 0.1000000000
2596 98.0000000000 0.1000000000
3352 99.0000000000 0.1000000000
3944 100.0000000000 0.1000000000
evaluations raw_y evaporation_rate
1 46.0000000000 0.0100000000
4 50.0000000000 0.0100000000
5 51.0000000000 0.0100000000
9 53.0000000000 0.0100000000
14 55.0000000000 0.0100000000
23 56.0000000000 0.0100000000
42 57.0000000000 0.0100000000
52 58.0000000000 0.0100000000
57 59.0000000000 0.0100000000
61 62.0000000000 0.0100000000
72 63.0000000000 0.0100000000
73 65.0000000000 0.0100000000
162 67.0000000000 0.0100000000
167 68.0000000000 0.0100000000
177 70.0000000000 0.0100000000
199 72.0000000000 0.0100000000
202 76.0000000000 0.0100000000
251 78.0000000000 0.0100000000
316 79.0000000000 0.0100000000
346 80.0000000000 0.0100000000
362 81.0000000000 0.0100000000
412 83.0000000000 0.0100000000
442 85.0000000000 0.0100000000
527 86.0000000000 0.0100000000
544 87.0000000000 0.0100000000
607 88.0000000000 0.0100000000
643 89.0000000000 0.0100000000
713 90.0000000000 0.0100000000
736 91.0000000000 0.0100000000
807 92.0000000000 0.0100000000
854 94.0000000000 0.0100000000
1149 95.0000000000 0.0100000000
1223 96.0000000000 0.0100000000
1624 97.0000000000 0.0100000000
2047 98.0000000000 0.0100000000
2462 99.0000000000 0.0100000000
2554 100.0000000000 0.0100000000
evaluations raw_y evaporation_rate
1 50.0000000000 0.0100000000
2 57.0000000000 0.0100000000
19 60.0000000000 0.0100000000
34 61.0000000000 0.0100000000
59 65.0000000000 0.0100000000
71 68.0000000000 0.0100000000
141 69.0000000000 0.0100000000
176 72.0000000000 0.0100000000
237 75.0000000000 0.0100000000
271 76.0000000000 0.0100000000
280 77.0000000000 0.0100000000
360 78.0000000000 0.0100000000
378 81.0000000000 0.0100000000
475 83.0000000000 0.0100000000
523 85.0000000000 0.0100000000
564 86.0000000000 0.0100000000
651 87.0000000000 0.0100000000
700 88.0000000000 0.0100000000
723 89.0000000000 0.0100000000
869 90.0000000000 0.0100000000
912 91.0000000000 0.0100000000
954 92.0000000000 0.0100000000
1958 93.0000000000 0.0100000000
2368 94.0000000000 0.0100000000
2900 95.0000000000 0.0100000000
2936 96.0000000000 0.0100000000
3434 97.0000000000 0.0100000000
4401 98.0000000000 0.0100000000
4932 99.0000000000 0.0100000000
8679 100.0000000000 0.0100000000
evaluations raw_y evaporation_rate
1 38.0000000000 0.0100000000
2 46.0000000000 0.0100000000
4 49.0000000000 0.0100000000
7 54.0000000000 0.0100000000
34 61.0000000000 0.0100000000
55 63.0000000000 0.0100000000
74 69.0000000000 0.0100000000
122 71.0000000000 0.0100000000
144 74.0000000000 0.0100000000
222 75.0000000000 0.0100000000
228 76.0000000000 0.0100000000
264 79.0000000000 0.0100000000
324 84.0000000000 0.0100000000
417 85.0000000000 0.0100000000
441 86.0000000000 0.0100000000
451 87.0000000000 0.0100000000
532 88.0000000000 0.0100000000
536 89.0000000000 0.0100000000
554 90.0000000000 0.0100000000
670 91.0000000000 0.0100000000
798 92.0000000000 0.0100000000
846 93.0000000000 0.0100000000
975 94.0000000000 0.0100000000
1179 95.0000000000 0.0100000000
1223 96.0000000000 0.0100000000
2098 97.0000000000 0.0100000000
2157 98.0000000000 0.0100000000
2963 99.0000000000 0.0100000000
4928 100.0000000000 0.0100000000
evaluations raw_y evaporation_rate
1 58.0000000000 0.0100000000
19 59.0000000000 0.0100000000
35 61.0000000000 0.0100000000
46 63.0000000000 0.0100000000
82 66.0000000000 0.0100000000
89 67.0000000000 0.0100000000
131 68.0000000000 0.0100000000
133 69.0000000000 0.0100000000
138 71.0000000000 0.0100000000
190 72.0000000000 0.0100000000
195 75.0000000000 0.0100000000
237 78.0000000000 0.0100000000
240 79.0000000000 0.0100000000
318 80.0000000000 0.0100000000
336 82.0000000000 0.0100000000
351 84.0000000000 0.0100000000
404 86.0000000000 0.0100000000
430 88.0000000000 0.0100000000
524 90.0000000000 0.0100000000
545 91.0000000000 0.0100000000
571 92.0000000000 0.0100000000
657 93.0000000000 0.0100000000
719 94.0000000000 0.0100000000
786 95.0000000000 0.0100000000
906 96.0000000000 0.0100000000
1177 97.0000000000 0.0100000000
1360 98.0000000000 0.0100000000
1715 99.0000000000 0.0100000000
2489 100.0000000000 0.0100000000
evaluations raw_y evaporation_rate
1 52.0000000000 0.0100000000
10 55.0000000000 0.0100000000
12 56.0000000000 0.0100000000
15 57.0000000000 0.0100000000
28 59.0000000000 0.0100000000
42 60.0000000000 0.0100000000
65 62.0000000000 0.0100000000
82 64.0000000000 0.0100000000
87 65.0000000000 0.0100000000
114 71.0000000000 0.0100000000
203 73.0000000000 0.0100000000
212 77.0000000000 0.0100000000
284 78.0000000000 0.0100000000
308 79.0000000000 0.0100000000
345 85.0000000000 0.0100000000
466 89.0000000000 0.0100000000
666 90.0000000000 0.0100000000
747 91.0000000000 0.0100000000
786 92.0000000000 0.0100000000
1654 93.0000000000 0.0100000000
1815 94.0000000000 0.0100000000
1937 95.0000000000 0.0100000000
2137 96.0000000000 0.0100000000
2421 97.0000000000 0.0100000000
2710 98.0000000000 0.0100000000
3565 99.0000000000 0.0100000000
4600 100.0000000000 0.0100000000
evaluations raw_y evaporation_rate
1 50.0000000000 0.0100000000
2 57.0000000000 0.0100000000
15 59.0000000000 0.0100000000
18 60.0000000000 0.0100000000
23 62.0000000000 0.0100000000
67 64.0000000000 0.0100000000
76 67.0000000000 0.0100000000
78 68.0000000000 0.0100000000
119 69.0000000000 0.0100000000
127 70.0000000000 0.0100000000
170 71.0000000000 0.0100000000
177 73.0000000000 0.0100000000
187 76.0000000000 0.0100000000
257 78.0000000000 0.0100000000
311 79.0000000000 0.0100000000
313 81.0000000000 0.0100000000
350 84.0000000000 0.0100000000
372 85.0000000000 0.0100000000
391 87.0000000000 0.0100000000
476 88.0000000000 0.0100000000
509 89.0000000000 0.0100000000
551 91.0000000000 0.0100000000
600 92.0000000000 0.0100000000
614 93.0000000000 0.0100000000
661 94.0000000000 0.0100000000
806 95.0000000000 0.0100000000
984 96.0000000000 0.0100000000
1218 97.0000000000 0.0100000000
1298 98.0000000000 0.0100000000
1928 99.0000000000 0.0100000000
2984 100.0000000000 0.0100000000
evaluations raw_y evaporation_rate
1 47.0000000000 0.0100000000
2 56.0000000000 0.0100000000
12 66.0000000000 0.0100000000
88 68.0000000000 0.0100000000
180 71.0000000000 0.0100000000
184 72.0000000000 0.0100000000
213 75.0000000000 0.0100000000
242 76.0000000000 0.0100000000
288 77.0000000000 0.0100000000
303 79.0000000000 0.0100000000
338 81.0000000000 0.0100000000
353 82.0000000000 0.0100000000
409 84.0000000000 0.0100000000
434 87.0000000000 0.0100000000
474 88.0000000000 0.0100000000
547 90.0000000000 0.0100000000
569 91.0000000000 0.0100000000
649 92.0000000000 0.0100000000
656 93.0000000000 0.0100000000
701 94.0000000000 0.0100000000
873 95.0000000000 0.0100000000
1249 96.0000000000 0.0100000000
1347 97.0000000000 0.0100000000
1450 98.0000000000 0.0100000000
1639 99.0000000000 0.0100000000
2570 100.0000000000 0.0100000000
evaluations raw_y evaporation_rate
1 53.0000000000 0.0100000000
2 55.0000000000 0.0100000000
8 60.0000000000 0.0100000000
48 61.0000000000 0.0100000000
61 66.0000000000 0.0100000000
135 72.0000000000 0.0100000000
168 73.0000000000 0.0100000000
258 74.0000000000 0.0100000000
269 77.0000000000 0.0100000000
281 81.0000000000 0.0100000000
317 84.0000000000 0.0100000000
408 86.0000000000 0.0100000000
437 87.0000000000 0.0100000000
444 89.0000000000 0.0100000000
478 93.0000000000 0.0100000000
557 95.0000000000 0.0100000000
637 96.0000000000 0.0100000000
678 97.0000000000 0.0100000000
750 98.0000000000 0.0100000000
807 99.0000000000 0.0100000000
891 100.0000000000 0.0100000000
evaluations raw_y evaporation_rate
1 45.0000000000 0.0100000000
2 54.0000000000 0.0100000000
23 61.0000000000 0.0100000000
38 62.0000000000 0.0100000000
72 69.0000000000 0.0100000000
125 70.0000000000 0.0100000000
167 71.0000000000 0.0100000000
218 76.0000000000 0.0100000000
284 80.0000000000 0.0100000000
379 81.0000000000 0.0100000000
382 82.0000000000 0.0100000000
434 83.0000000000 0.0100000000
455 84.0000000000 0.0100000000
474 85.0000000000 0.0100000000
515 86.0000000000 0.0100000000
518 87.0000000000 0.0100000000
597 88.0000000000 0.0100000000
599 89.0000000000 0.0100000000
705 90.0000000000 0.0100000000
721 91.0000000000 0.0100000000
773 92.0000000000 0.0100000000
1030 93.0000000000 0.0100000000
1136 94.0000000000 0.0100000000
1834 95.0000000000 0.0100000000
2330 96.0000000000 0.0100000000
2487 97.0000000000 0.0100000000
3001 98.0000000000 0.0100000000
3537 99.0000000000 0.0100000000
5482 100.0000000000 0.0100000000
evaluations raw_y evaporation_rate
1 49.0000000000 0.0100000000
6 54.0000000000 0.0100000000
8 58.0000000000 0.0100000000
52 59.0000000000 0.0100000000
66 60.0000000000 0.0100000000
82 61.0000000000 0.0100000000
88 62.0000000000 0.0100000000
96 63.0000000000 0.0100000000
135 64.0000000000 0.0100000000
138 65.0000000000 0.0100000000
166 68.0000000000 0.0100000000
197 72.0000000000 0.0100000000
226 75.0000000000 0.0100000000
292 77.0000000000 0.0100000000
313 78.0000000000 0.0100000000
369 80.0000000000 0.0100000000
412 82.0000000000 0.0100000000
449 83.0000000000 0.0100000000
471 84.0000000000 0.0100000000
494 85.0000000000 0.0100000000
569 87.0000000000 0.0100000000
592 88.0000000000 0.0100000000
611 90.0000000000 0.0100000000
664 91.0000000000 0.0100000000
784 93.0000000000 0.0100000000
877 94.0000000000 0.0100000000
1046 95.0000000000 0.0100000000
1223 96.0000000000 0.0100000000
1325 97.0000000000 0.0100000000
1474 98.0000000000 0.0100000000
1644 99.0000000000 0.0100000000
4490 100.0000000000 0.0100000000
