evaluations raw_y evaporation_rate
1 -1284.0000000000 1.0000000000
2 -1245.0000000000 1.0000000000
35 -1206.0000000000 1.0000000000
39 -1167.0000000000 1.0000000000
105 -1138.0000000000 1.0000000000
108 -1099.0000000000 1.0000000000
121 -1060.0000000000 1.0000000000
149 -1031.0000000000 1.0000000000
195 -1021.0000000000 1.0000000000
216 -982.0000000000 1.0000000000
226 -943.0000000000 1.0000000000
416 -904.0000000000 1.0000000000
425 -865.0000000000 1.0000000000
442 -826.0000000000 1.0000000000
514 -787.0000000000 1.0000000000
539 -758.0000000000 1.0000000000
561 -719.0000000000 1.0000000000
621 -680.0000000000 1.0000000000
673 -651.0000000000 1.0000000000
729 -612.0000000000 1.0000000000
769 -573.0000000000 1.0000000000
780 -534.0000000000 1.0000000000
786 -466.0000000000 1.0000000000
814 -457.0000000000 1.0000000000
838 -428.0000000000 1.0000000000
844 -389.0000000000 1.0000000000
982 -350.0000000000 1.0000000000
985 -321.0000000000 1.0000000000
1004 -292.0000000000 1.0000000000
1033 -273.0000000000 1.0000000000
1084 -234.0000000000 1.0000000000
1204 -205.0000000000 1.0000000000
1224 -176.0000000000 1.0000000000
1409 -147.0000000000 1.0000000000
1411 -138.0000000000 1.0000000000
1452 -119.0000000000 1.0000000000
1605 -110.0000000000 1.0000000000
1629 -81.0000000000 1.0000000000
1739 -52.0000000000 1.0000000000
1745 -43.0000000000 1.0000000000
1756 -42.0000000000 1.0000000000
1846 -33.0000000000 1.0000000000
1852 -32.0000000000 1.0000000000
2056 -22.0000000000 1.0000000000
2097 -13.0000000000 1.0000000000
2457 -12.0000000000 1.0000000000
3131 7.0000000000 1.0000000000
85501 8.0000000000 1.0000000000
100000 8.0000000000 1.0000000000
evaluations raw_y evaporation_rate
1 -1527.0000000000 1.0000000000
21 -1488.0000000000 1.0000000000
30 -1449.0000000000 1.0000000000
51 -1381.0000000000 1.0000000000
68 -1342.0000000000 1.0000000000
70 -1303.0000000000 1.0000000000
99 -1264.0000000000 1.0000000000
147 -1225.0000000000 1.0000000000
158 -1186.0000000000 1.0000000000
160 -1147.0000000000 1.0000000000
178 -1108.0000000000 1.0000000000
219 -1079.0000000000 1.0000000000
220 -1040.0000000000 1.0000000000
239 -1001.0000000000 1.0000000000
259 -972.0000000000 1.0000000000
334 -943.0000000000 1.0000000000
403 -904.0000000000 1.0000000000
462 -865.0000000000 1.0000000000
508 -826.0000000000 1.0000000000
537 -797.0000000000 1.0000000000
633 -768.0000000000 1.0000000000
750 -739.0000000000 1.0000000000
798 -671.0000000000 1.0000000000
800 -632.0000000000 1.0000000000
804 -593.0000000000 1.0000000000
828 -554.0000000000 1.0000000000
852 -544.0000000000 1.0000000000
935 -515.0000000000 1.0000000000
957 -496.0000000000 1.0000000000
1099 -457.0000000000 1.0000000000
1133 -428.0000000000 1.0000000000
1137 -389.0000000000 1.0000000000
1159 -350.0000000000 1.0000000000
1189 -340.0000000000 1.0000000000
1192 -301.0000000000 1.0000000000
1279 -262.0000000000 1.0000000000
1299 -233.0000000000 1.0000000000
1400 -204.0000000000 1.0000000000
1412 -195.0000000000 1.0000000000
1457 -166.0000000000 1.0000000000
1484 -137.0000000000 1.0000000000
1496 -128.0000000000 1.0000000000
1497 -99.0000000000 1.0000000000
1606 -90.0000000000 1.0000000000
1786 -81.0000000000 1.0000000000
1790 -72.0000000000 1.0000000000
1876 -71.0000000000 1.0000000000
1966 -52.0000000000 1.0000000000
2046 -51.0000000000 1.0000000000
2484 -32.0000000000 1.0000000000
2604 -13.0000000000 1.0000000000
2882 -4.0000000000 1.0000000000
2909 5.0000000000 1.0000000000
3149 6.0000000000 1.0000000000
3425 7.0000000000 1.0000000000
22501 8.0000000000 1.0000000000
100000 8.0000000000 1.0000000000
evaluations raw_y evaporation_rate
1 -1352.0000000000 1.0000000000
5 -1313.0000000000 1.0000000000
51 -1284.0000000000 1.0000000000
72 -1245.0000000000 1.0000000000
102 -1206.0000000000 1.0000000000
113 -1177.0000000000 1.0000000000
150 -1138.0000000000 1.0000000000
156 -1099.0000000000 1.0000000000
213 -1060.0000000000 1.0000000000
240 -1050.0000000000 1.0000000000
268 -1011.0000000000 1.0000000000
334 -972.0000000000 1.0000000000
354 -933.0000000000 1.0000000000
380 -894.0000000000 1.0000000000
426 -855.0000000000 1.0000000000
440 -816.0000000000 1.0000000000
484 -787.0000000000 1.0000000000
507 -748.0000000000 1.0000000000
508 -719.0000000000 1.0000000000
529 -680.0000000000 1.0000000000
537 -651.0000000000 1.0000000000
641 -622.0000000000 1.0000000000
649 -583.0000000000 1.0000000000
677 -544.0000000000 1.0000000000
683 -505.0000000000 1.0000000000
695 -476.0000000000 1.0000000000
723 -457.0000000000 1.0000000000
811 -418.0000000000 1.0000000000
874 -389.0000000000 1.0000000000
890 -360.0000000000 1.0000000000
939 -331.0000000000 1.0000000000
976 -302.0000000000 1.0000000000
1046 -263.0000000000 1.0000000000
1056 -234.0000000000 1.0000000000
1113 -205.0000000000 1.0000000000
1116 -186.0000000000 1.0000000000
1258 -167.0000000000 1.0000000000
1481 -138.0000000000 1.0000000000
1625 -109.0000000000 1.0000000000
1689 -90.0000000000 1.0000000000
1728 -71.0000000000 1.0000000000
2063 -52.0000000000 1.0000000000
2140 -33.0000000000 1.0000000000
2159 -24.0000000000 1.0000000000
2453 -15.0000000000 1.0000000000
2590 -14.0000000000 1.0000000000
2722 -13.0000000000 1.0000000000
2907 -12.0000000000 1.0000000000
3051 -11.0000000000 1.0000000000
3228 -10.0000000000 1.0000000000
3483 -1.0000000000 1.0000000000
3959 8.0000000000 1.0000000000
100000 8.0000000000 1.0000000000
evaluations raw_y evaporation_rate
1 -1458.0000000000 1.0000000000
6 -1419.0000000000 1.0000000000
25 -1380.0000000000 1.0000000000
37 -1341.0000000000 1.0000000000
48 -1312.0000000000 1.0000000000
51 -1273.0000000000 1.0000000000
73 -1205.0000000000 1.0000000000
85 -1176.0000000000 1.0000000000
127 -1137.0000000000 1.0000000000
140 -1098.0000000000 1.0000000000
197 -1059.0000000000 1.0000000000
203 -1020.0000000000 1.0000000000
308 -981.0000000000 1.0000000000
342 -942.0000000000 1.0000000000
343 -903.0000000000 1.0000000000
363 -864.0000000000 1.0000000000
367 -825.0000000000 1.0000000000
372 -786.0000000000 1.0000000000
456 -747.0000000000 1.0000000000
503 -708.0000000000 1.0000000000
582 -669.0000000000 1.0000000000
609 -630.0000000000 1.0000000000
643 -611.0000000000 1.0000000000
652 -572.0000000000 1.0000000000
666 -543.0000000000 1.0000000000
728 -514.0000000000 1.0000000000
762 -475.0000000000 1.0000000000
893 -436.0000000000 1.0000000000
900 -417.0000000000 1.0000000000
954 -388.0000000000 1.0000000000
981 -369.0000000000 1.0000000000
1027 -360.0000000000 1.0000000000
1089 -359.0000000000 1.0000000000
1146 -330.0000000000 1.0000000000
1234 -291.0000000000 1.0000000000
1282 -252.0000000000 1.0000000000
1300 -233.0000000000 1.0000000000
1375 -204.0000000000 1.0000000000
1464 -175.0000000000 1.0000000000
1503 -156.0000000000 1.0000000000
1587 -137.0000000000 1.0000000000
1719 -128.0000000000 1.0000000000
1794 -99.0000000000 1.0000000000
1934 -80.0000000000 1.0000000000
2066 -71.0000000000 1.0000000000
2270 -62.0000000000 1.0000000000
2297 -61.0000000000 1.0000000000
2305 -42.0000000000 1.0000000000
2738 -23.0000000000 1.0000000000
3029 -22.0000000000 1.0000000000
3348 -3.0000000000 1.0000000000
3480 6.0000000000 1.0000000000
4124 7.0000000000 1.0000000000
4138 8.0000000000 1.0000000000
100000 8.0000000000 1.0000000000
evaluations raw_y evaporation_rate
1 -1332.0000000000 1.0000000000
8 -1303.0000000000 1.0000000000
18 -1264.0000000000 1.0000000000
21 -1196.0000000000 1.0000000000
36 -1167.0000000000 1.0000000000
85 -1128.0000000000 1.0000000000
108 -1099.0000000000 1.0000000000
143 -1060.0000000000 1.0000000000
186 -1021.0000000000 1.0000000000
195 -982.0000000000 1.0000000000
237 -943.0000000000 1.0000000000
276 -904.0000000000 1.0000000000
282 -865.0000000000 1.0000000000
304 -826.0000000000 1.0000000000
317 -787.0000000000 1.0000000000
326 -748.0000000000 1.0000000000
336 -709.0000000000 1.0000000000
351 -680.0000000000 1.0000000000
406 -641.0000000000 1.0000000000
477 -612.0000000000 1.0000000000
478 -573.0000000000 1.0000000000
500 -544.0000000000 1.0000000000
503 -505.0000000000 1.0000000000
511 -466.0000000000 1.0000000000
527 -427.0000000000 1.0000000000
545 -388.0000000000 1.0000000000
604 -369.0000000000 1.0000000000
852 -360.0000000000 1.0000000000
858 -331.0000000000 1.0000000000
887 -312.0000000000 1.0000000000
931 -283.0000000000 1.0000000000
936 -244.0000000000 1.0000000000
977 -205.0000000000 1.0000000000
983 -186.0000000000 1.0000000000
1050 -157.0000000000 1.0000000000
1052 -138.0000000000 1.0000000000
1221 -109.0000000000 1.0000000000
1239 -100.0000000000 1.0000000000
1245 -71.0000000000 1.0000000000
1503 -52.0000000000 1.0000000000
1740 -33.0000000000 1.0000000000
1795 -14.0000000000 1.0000000000
1828 -5.0000000000 1.0000000000
1871 -4.0000000000 1.0000000000
1967 5.0000000000 1.0000000000
2004 6.0000000000 1.0000000000
2062 7.0000000000 1.0000000000
100000 7.0000000000 1.0000000000
evaluations raw_y evaporation_rate
1 -1547.0000000000 1.0000000000
34 -1518.0000000000 1.0000000000
51 -1479.0000000000 1.0000000000
60 -1450.0000000000 1.0000000000
64 -1411.0000000000 1.0000000000
79 -1382.0000000000 1.0000000000
96 -1343.0000000000 1.0000000000
114 -1304.0000000000 1.0000000000
148 -1265.0000000000 1.0000000000
149 -1226.0000000000 1.0000000000
170 -1187.0000000000 1.0000000000
177 -1148.0000000000 1.0000000000
272 -1109.0000000000 1.0000000000
277 -1070.0000000000 1.0000000000
284 -1031.0000000000 1.0000000000
295 -992.0000000000 1.0000000000
305 -953.0000000000 1.0000000000
319 -914.0000000000 1.0000000000
324 -875.0000000000 1.0000000000
337 -836.0000000000 1.0000000000
341 -797.0000000000 1.0000000000
373 -758.0000000000 1.0000000000
378 -719.0000000000 1.0000000000
381 -690.0000000000 1.0000000000
491 -651.0000000000 1.0000000000
576 -612.0000000000 1.0000000000
595 -573.0000000000 1.0000000000
646 -544.0000000000 1.0000000000
662 -505.0000000000 1.0000000000
669 -486.0000000000 1.0000000000
727 -457.0000000000 1.0000000000
749 -447.0000000000 1.0000000000
794 -408.0000000000 1.0000000000
970 -379.0000000000 1.0000000000
1100 -350.0000000000 1.0000000000
1103 -321.0000000000 1.0000000000
1123 -263.0000000000 1.0000000000
1163 -234.0000000000 1.0000000000
1260 -215.0000000000 1.0000000000
1301 -186.0000000000 1.0000000000
1304 -167.0000000000 1.0000000000
1312 -158.0000000000 1.0000000000
1324 -129.0000000000 1.0000000000
1416 -119.0000000000 1.0000000000
1444 -100.0000000000 1.0000000000
1626 -99.0000000000 1.0000000000
1690 -70.0000000000 1.0000000000
1917 -69.0000000000 1.0000000000
1949 -40.0000000000 1.0000000000
2125 -31.0000000000 1.0000000000
2233 -22.0000000000 1.0000000000
2258 -13.0000000000 1.0000000000
2373 -12.0000000000 1.0000000000
2691 -3.0000000000 1.0000000000
2992 6.0000000000 1.0000000000
3081 7.0000000000 1.0000000000
3179 8.0000000000 1.0000000000
5893 9.0000000000 1.0000000000
100000 9.0000000000 1.0000000000
evaluations raw_y evaporation_rate
1 -1468.0000000000 1.0000000000
60 -1429.0000000000 1.0000000000
67 -1390.0000000000 1.0000000000
93 -1351.0000000000 1.0000000000
94 -1312.0000000000 1.0000000000
106 -1273.0000000000 1.0000000000
148 -1234.0000000000 1.0000000000
184 -1195.0000000000 1.0000000000
196 -1156.0000000000 1.0000000000
209 -1117.0000000000 1.0000000000
321 -1088.0000000000 1.0000000000
390 -1049.0000000000 1.0000000000
408 -1010.0000000000 1.0000000000
410 -981.0000000000 1.0000000000
435 -942.0000000000 1.0000000000
480 -903.0000000000 1.0000000000
533 -874.0000000000 1.0000000000
573 -835.0000000000 1.0000000000
579 -806.0000000000 1.0000000000
586 -767.0000000000 1.0000000000
605 -748.0000000000 1.0000000000
659 -709.0000000000 1.0000000000
678 -670.0000000000 1.0000000000
773 -641.0000000000 1.0000000000
823 -602.0000000000 1.0000000000
833 -573.0000000000 1.0000000000
949 -544.0000000000 1.0000000000
973 -515.0000000000 1.0000000000
1159 -486.0000000000 1.0000000000
1175 -447.0000000000 1.0000000000
1194 -408.0000000000 1.0000000000
1299 -379.0000000000 1.0000000000
1340 -340.0000000000 1.0000000000
1412 -311.0000000000 1.0000000000
1424 -292.0000000000 1.0000000000
1585 -273.0000000000 1.0000000000
1663 -244.0000000000 1.0000000000
1691 -225.0000000000 1.0000000000
1709 -196.0000000000 1.0000000000
1753 -177.0000000000 1.0000000000
1848 -158.0000000000 1.0000000000
2137 -129.0000000000 1.0000000000
2241 -100.0000000000 1.0000000000
2271 -81.0000000000 1.0000000000
2292 -62.0000000000 1.0000000000
2308 -43.0000000000 1.0000000000
2311 -42.0000000000 1.0000000000
2329 -33.0000000000 1.0000000000
2467 -32.0000000000 1.0000000000
2628 -31.0000000000 1.0000000000
2719 -22.0000000000 1.0000000000
3105 -21.0000000000 1.0000000000
3316 -20.0000000000 1.0000000000
3376 -1.0000000000 1.0000000000
5156 8.0000000000 1.0000000000
100000 8.0000000000 1.0000000000
evaluations raw_y evaporation_rate
1 -1332.0000000000 1.0000000000
57 -1293.0000000000 1.0000000000
73 -1254.0000000000 1.0000000000
76 -1215.0000000000 1.0000000000
81 -1176.0000000000 1.0000000000
90 -1147.0000000000 1.0000000000
122 -1108.0000000000 1.0000000000
123 -1079.0000000000 1.0000000000
180 -1050.0000000000 1.0000000000
229 -1011.0000000000 1.0000000000
301 -972.0000000000 1.0000000000
340 -933.0000000000 1.0000000000
388 -904.0000000000 1.0000000000
414 -875.0000000000 1.0000000000
495 -836.0000000000 1.0000000000
514 -797.0000000000 1.0000000000
554 -768.0000000000 1.0000000000
621 -739.0000000000 1.0000000000
644 -710.0000000000 1.0000000000
660 -681.0000000000 1.0000000000
764 -652.0000000000 1.0000000000
766 -613.0000000000 1.0000000000
804 -574.0000000000 1.0000000000
819 -535.0000000000 1.0000000000
832 -496.0000000000 1.0000000000
908 -467.0000000000 1.0000000000
965 -428.0000000000 1.0000000000
1040 -399.0000000000 1.0000000000
1136 -370.0000000000 1.0000000000
1178 -351.0000000000 1.0000000000
1239 -322.0000000000 1.0000000000
1258 -283.0000000000 1.0000000000
1387 -254.0000000000 1.0000000000
1515 -225.0000000000 1.0000000000
1666 -206.0000000000 1.0000000000
1678 -167.0000000000 1.0000000000
1714 -138.0000000000 1.0000000000
1930 -109.0000000000 1.0000000000
1991 -100.0000000000 1.0000000000
2005 -71.0000000000 1.0000000000
2018 -62.0000000000 1.0000000000
2019 -53.0000000000 1.0000000000
2224 -52.0000000000 1.0000000000
2256 -33.0000000000 1.0000000000
2430 -14.0000000000 1.0000000000
2466 5.0000000000 1.0000000000
2512 6.0000000000 1.0000000000
3140 7.0000000000 1.0000000000
4190 8.0000000000 1.0000000000
100000 8.0000000000 1.0000000000
evaluations raw_y evaporation_rate
1 -1089.0000000000 1.0000000000
10 -1050.0000000000 1.0000000000
12 -1021.0000000000 1.0000000000
72 -982.0000000000 1.0000000000
76 -953.0000000000 1.0000000000
81 -914.0000000000 1.0000000000
108 -875.0000000000 1.0000000000
134 -836.0000000000 1.0000000000
168 -807.0000000000 1.0000000000
172 -768.0000000000 1.0000000000
208 -729.0000000000 1.0000000000
253 -690.0000000000 1.0000000000
382 -661.0000000000 1.0000000000
490 -622.0000000000 1.0000000000
495 -583.0000000000 1.0000000000
519 -544.0000000000 1.0000000000
595 -515.0000000000 1.0000000000
656 -496.0000000000 1.0000000000
686 -457.0000000000 1.0000000000
897 -428.0000000000 1.0000000000
932 -399.0000000000 1.0000000000
1079 -370.0000000000 1.0000000000
1088 -341.0000000000 1.0000000000
1092 -312.0000000000 1.0000000000
1152 -283.0000000000 1.0000000000
1283 -254.0000000000 1.0000000000
1346 -235.0000000000 1.0000000000
1349 -206.0000000000 1.0000000000
1396 -177.0000000000 1.0000000000
1416 -148.0000000000 1.0000000000
1556 -119.0000000000 1.0000000000
1582 -100.0000000000 1.0000000000
1607 -81.0000000000 1.0000000000
1674 -62.0000000000 1.0000000000
1720 -43.0000000000 1.0000000000
1756 -42.0000000000 1.0000000000
1810 -33.0000000000 1.0000000000
1863 -14.0000000000 1.0000000000
1969 -5.0000000000 1.0000000000
2081 -4.0000000000 1.0000000000
2290 -3.0000000000 1.0000000000
2326 -2.0000000000 1.0000000000
2576 -1.0000000000 1.0000000000
3561 8.0000000000 1.0000000000
19621 9.0000000000 1.0000000000
100000 9.0000000000 1.0000000000
evaluations raw_y evaporation_rate
1 -1439.0000000000 1.0000000000
16 -1400.0000000000 1.0000000000
33 -1390.0000000000 1.0000000000
65 -1351.0000000000 1.0000000000
153 -1312.0000000000 1.0000000000
178 -1273.0000000000 1.0000000000
231 -1244.0000000000 1.0000000000
247 -1215.0000000000 1.0000000000
254 -1176.0000000000 1.0000000000
287 -1137.0000000000 1.0000000000
310 -1098.0000000000 1.0000000000
321 -1059.0000000000 1.0000000000
350 -1020.0000000000 1.0000000000
383 -981.0000000000 1.0000000000
417 -942.0000000000 1.0000000000
470 -903.0000000000 1.0000000000
477 -864.0000000000 1.0000000000
478 -835.0000000000 1.0000000000
491 -806.0000000000 1.0000000000
497 -787.0000000000 1.0000000000
519 -748.0000000000 1.0000000000
530 -709.0000000000 1.0000000000
566 -670.0000000000 1.0000000000
587 -641.0000000000 1.0000000000
595 -602.0000000000 1.0000000000
611 -563.0000000000 1.0000000000
707 -534.0000000000 1.0000000000
781 -495.0000000000 1.0000000000
792 -466.0000000000 1.0000000000
824 -427.0000000000 1.0000000000
825 -408.0000000000 1.0000000000
847 -369.0000000000 1.0000000000
886 -350.0000000000 1.0000000000
945 -331.0000000000 1.0000000000
1044 -302.0000000000 1.0000000000
1098 -273.0000000000 1.0000000000
1171 -254.0000000000 1.0000000000
1297 -215.0000000000 1.0000000000
1402 -186.0000000000 1.0000000000
1412 -157.0000000000 1.0000000000
1430 -128.0000000000 1.0000000000
1745 -119.0000000000 1.0000000000
1816 -90.0000000000 1.0000000000
1828 -71.0000000000 1.0000000000
2093 -52.0000000000 1.0000000000
2259 -43.0000000000 1.0000000000
2392 -42.0000000000 1.0000000000
2440 -33.0000000000 1.0000000000
2489 -14.0000000000 1.0000000000
2517 -13.0000000000 1.0000000000
2538 -12.0000000000 1.0000000000
2615 -3.0000000000 1.0000000000
2737 6.0000000000 1.0000000000
2774 7.0000000000 1.0000000000
3705 8.0000000000 1.0000000000
100000 8.0000000000 1.0000000000
evaluations raw_y evaporation_rate
1 -1284.0000000000 0.1000000000
3 -1128.0000000000 0.1000000000
7 -1118.0000000000 0.1000000000
15 -1089.0000000000 0.1000000000
17 -1021.0000000000 0.1000000000
22 -953.0000000000 0.1000000000
27 -710.0000000000 0.1000000000
44 -700.0000000000 0.1000000000
46 -671.0000000000 0.1000000000
58 -632.0000000000 0.1000000000
105 -593.0000000000 0.1000000000
112 -554.0000000000 0.1000000000
121 -515.0000000000 0.1000000000
149 -486.0000000000 0.1000000000
183 -447.0000000000 0.1000000000
216 -408.0000000000 0.1000000000
251 -379.0000000000 0.1000000000
265 -360.0000000000 0.1000000000
285 -331.0000000000 0.1000000000
369 -312.0000000000 0.1000000000
414 -273.0000000000 0.1000000000
442 -244.0000000000 0.1000000000
497 -205.0000000000 0.1000000000
673 -176.0000000000 0.1000000000
729 -157.0000000000 0.1000000000
786 -99.0000000000 0.1000000000
855 -70.0000000000 0.1000000000
928 -51.0000000000 0.1000000000
1033 -22.0000000000 0.1000000000
1050 -21.0000000000 0.1000000000
2097 -2.0000000000 0.1000000000
2199 7.0000000000 0.1000000000
100000 7.0000000000 0.1000000000
evaluations raw_y evaporation_rate
1 -1527.0000000000 0.1000000000
2 -1400.0000000000 0.1000000000
4 -1381.0000000000 0.1000000000
5 -1283.0000000000 0.1000000000
13 -1273.0000000000 0.1000000000
14 -1196.0000000000 0.1000000000
21 -1118.0000000000 0.1000000000
25 -1040.0000000000 0.1000000000
30 -981.0000000000 0.1000000000
31 -865.0000000000 0.1000000000
42 -787.0000000000 0.1000000000
75 -748.0000000000 0.1000000000
87 -709.0000000000 0.1000000000
135 -641.0000000000 0.1000000000
151 -602.0000000000 0.1000000000
160 -563.0000000000 0.1000000000
229 -544.0000000000 0.1000000000
233 -534.0000000000 0.1000000000
234 -505.0000000000 0.1000000000
251 -466.0000000000 0.1000000000
298 -447.0000000000 0.1000000000
334 -418.0000000000 0.1000000000
459 -379.0000000000 0.1000000000
524 -340.0000000000 0.1000000000
585 -330.0000000000 0.1000000000
590 -321.0000000000 0.1000000000
732 -292.0000000000 0.1000000000
800 -273.0000000000 0.1000000000
804 -253.0000000000 0.1000000000
807 -234.0000000000 0.1000000000
852 -205.0000000000 0.1000000000
890 -166.0000000000 0.1000000000
957 -157.0000000000 0.1000000000
1057 -118.0000000000 0.1000000000
1137 -79.0000000000 0.1000000000
1198 -60.0000000000 0.1000000000
1247 -51.0000000000 0.1000000000
1299 -42.0000000000 0.1000000000
1560 -41.0000000000 0.1000000000
1786 -32.0000000000 0.1000000000
2461 -13.0000000000 0.1000000000
2484 -4.0000000000 0.1000000000
2747 -3.0000000000 0.1000000000
2869 -2.0000000000 0.1000000000
2925 7.0000000000 0.1000000000
3056 8.0000000000 0.1000000000
5609 9.0000000000 0.1000000000
100000 9.0000000000 0.1000000000
evaluations raw_y evaporation_rate
1 -1352.0000000000 0.1000000000
5 -1001.0000000000 0.1000000000
10 -923.0000000000 0.1000000000
16 -768.0000000000 0.1000000000
21 -748.0000000000 0.1000000000
25 -709.0000000000 0.1000000000
37 -699.0000000000 0.1000000000
47 -670.0000000000 0.1000000000
56 -641.0000000000 0.1000000000
60 -592.0000000000 0.1000000000
68 -563.0000000000 0.1000000000
143 -524.0000000000 0.1000000000
147 -485.0000000000 0.1000000000
213 -456.0000000000 0.1000000000
240 -446.0000000000 0.1000000000
243 -417.0000000000 0.1000000000
268 -398.0000000000 0.1000000000
276 -369.0000000000 0.1000000000
325 -350.0000000000 0.1000000000
334 -331.0000000000 0.1000000000
354 -302.0000000000 0.1000000000
508 -273.0000000000 0.1000000000
529 -254.0000000000 0.1000000000
537 -245.0000000000 0.1000000000
635 -216.0000000000 0.1000000000
649 -187.0000000000 0.1000000000
677 -158.0000000000 0.1000000000
683 -129.0000000000 0.1000000000
695 -120.0000000000 0.1000000000
723 -101.0000000000 0.1000000000
834 -72.0000000000 0.1000000000
1113 -53.0000000000 0.1000000000
1204 -52.0000000000 0.1000000000
1481 -43.0000000000 0.1000000000
1606 -42.0000000000 0.1000000000
1728 -33.0000000000 0.1000000000
1895 -32.0000000000 0.1000000000
2079 -3.0000000000 0.1000000000
2140 6.0000000000 0.1000000000
2722 7.0000000000 0.1000000000
3513 8.0000000000 0.1000000000
100000 8.0000000000 0.1000000000
evaluations raw_y evaporation_rate
1 -1458.0000000000 0.1000000000
3 -1371.0000000000 0.1000000000
5 -1089.0000000000 0.1000000000
12 -943.0000000000 0.1000000000
25 -836.0000000000 0.1000000000
32 -807.0000000000 0.1000000000
41 -719.0000000000 0.1000000000
47 -690.0000000000 0.1000000000
61 -680.0000000000 0.1000000000
71 -651.0000000000 0.1000000000
127 -622.0000000000 0.1000000000
132 -593.0000000000 0.1000000000
213 -554.0000000000 0.1000000000
315 -525.0000000000 0.1000000000
343 -486.0000000000 0.1000000000
402 -457.0000000000 0.1000000000
490 -448.0000000000 0.1000000000
503 -438.0000000000 0.1000000000
507 -409.0000000000 0.1000000000
652 -370.0000000000 0.1000000000
762 -331.0000000000 0.1000000000
846 -292.0000000000 0.1000000000
893 -263.0000000000 0.1000000000
1090 -244.0000000000 0.1000000000
1146 -215.0000000000 0.1000000000
1193 -186.0000000000 0.1000000000
1300 -167.0000000000 0.1000000000
1719 -148.0000000000 0.1000000000
1794 -129.0000000000 0.1000000000
1934 -100.0000000000 0.1000000000
2066 -71.0000000000 0.1000000000
2240 -61.0000000000 0.1000000000
2244 -42.0000000000 0.1000000000
2270 -33.0000000000 0.1000000000
2305 -14.0000000000 0.1000000000
2335 -5.0000000000 0.1000000000
2440 -4.0000000000 0.1000000000
2444 4.0000000000 0.1000000000
2453 5.0000000000 0.1000000000
2477 6.0000000000 0.1000000000
2531 7.0000000000 0.1000000000
3002 8.0000000000 0.1000000000
100000 8.0000000000 0.1000000000
evaluations raw_y evaporation_rate
1 -1332.0000000000 0.1000000000
3 -1167.0000000000 0.1000000000
5 -972.0000000000 0.1000000000
9 -905.0000000000 0.1000000000
16 -768.0000000000 0.1000000000
19 -758.0000000000 0.1000000000
27 -700.0000000000 0.1000000000
47 -671.0000000000 0.1000000000
48 -651.0000000000 0.1000000000
52 -632.0000000000 0.1000000000
59 -593.0000000000 0.1000000000
70 -554.0000000000 0.1000000000
81 -525.0000000000 0.1000000000
114 -496.0000000000 0.1000000000
143 -467.0000000000 0.1000000000
195 -438.0000000000 0.1000000000
230 -409.0000000000 0.1000000000
294 -390.0000000000 0.1000000000
336 -351.0000000000 0.1000000000
406 -322.0000000000 0.1000000000
461 -321.0000000000 0.1000000000
477 -292.0000000000 0.1000000000
521 -273.0000000000 0.1000000000
527 -264.0000000000 0.1000000000
536 -235.0000000000 0.1000000000
852 -216.0000000000 0.1000000000
858 -207.0000000000 0.1000000000
924 -206.0000000000 0.1000000000
954 -187.0000000000 0.1000000000
969 -177.0000000000 0.1000000000
974 -148.0000000000 0.1000000000
999 -129.0000000000 0.1000000000
1052 -100.0000000000 0.1000000000
1245 -71.0000000000 0.1000000000
1310 -32.0000000000 0.1000000000
1516 -13.0000000000 0.1000000000
1740 -4.0000000000 0.1000000000
2044 -3.0000000000 0.1000000000
2554 -2.0000000000 0.1000000000
2739 7.0000000000 0.1000000000
3151 8.0000000000 0.1000000000
100000 8.0000000000 0.1000000000
evaluations raw_y evaporation_rate
1 -1547.0000000000 0.1000000000
2 -1264.0000000000 0.1000000000
4 -953.0000000000 0.1000000000
14 -952.0000000000 0.1000000000
19 -942.0000000000 0.1000000000
30 -923.0000000000 0.1000000000
31 -884.0000000000 0.1000000000
47 -816.0000000000 0.1000000000
48 -787.0000000000 0.1000000000
60 -777.0000000000 0.1000000000
66 -748.0000000000 0.1000000000
91 -719.0000000000 0.1000000000
114 -690.0000000000 0.1000000000
129 -651.0000000000 0.1000000000
148 -612.0000000000 0.1000000000
179 -583.0000000000 0.1000000000
226 -544.0000000000 0.1000000000
295 -515.0000000000 0.1000000000
341 -486.0000000000 0.1000000000
376 -467.0000000000 0.1000000000
381 -438.0000000000 0.1000000000
410 -399.0000000000 0.1000000000
428 -380.0000000000 0.1000000000
490 -312.0000000000 0.1000000000
595 -273.0000000000 0.1000000000
613 -244.0000000000 0.1000000000
646 -215.0000000000 0.1000000000
676 -205.0000000000 0.1000000000
683 -186.0000000000 0.1000000000
794 -167.0000000000 0.1000000000
1086 -128.0000000000 0.1000000000
1103 -109.0000000000 0.1000000000
1301 -70.0000000000 0.1000000000
1525 -51.0000000000 0.1000000000
1554 -22.0000000000 0.1000000000
1764 -13.0000000000 0.1000000000
1968 -12.0000000000 0.1000000000
2093 -11.0000000000 0.1000000000
2691 -2.0000000000 0.1000000000
2989 7.0000000000 0.1000000000
3558 8.0000000000 0.1000000000
100000 8.0000000000 0.1000000000
evaluations raw_y evaporation_rate
1 -1468.0000000000 0.1000000000
5 -1293.0000000000 0.1000000000
8 -1127.0000000000 0.1000000000
9 -893.0000000000 0.1000000000
26 -874.0000000000 0.1000000000
31 -864.0000000000 0.1000000000
38 -844.0000000000 0.1000000000
41 -815.0000000000 0.1000000000
59 -786.0000000000 0.1000000000
60 -757.0000000000 0.1000000000
106 -718.0000000000 0.1000000000
317 -679.0000000000 0.1000000000
390 -640.0000000000 0.1000000000
399 -630.0000000000 0.1000000000
400 -601.0000000000 0.1000000000
533 -572.0000000000 0.1000000000
573 -533.0000000000 0.1000000000
605 -504.0000000000 0.1000000000
659 -465.0000000000 0.1000000000
773 -436.0000000000 0.1000000000
792 -397.0000000000 0.1000000000
823 -378.0000000000 0.1000000000
833 -368.0000000000 0.1000000000
842 -349.0000000000 0.1000000000
905 -320.0000000000 0.1000000000
949 -291.0000000000 0.1000000000
997 -262.0000000000 0.1000000000
1038 -233.0000000000 0.1000000000
1123 -204.0000000000 0.1000000000
1194 -175.0000000000 0.1000000000
1299 -146.0000000000 0.1000000000
1412 -107.0000000000 0.1000000000
1585 -98.0000000000 0.1000000000
1619 -79.0000000000 0.1000000000
1753 -70.0000000000 0.1000000000
1807 -51.0000000000 0.1000000000
2292 -13.0000000000 0.1000000000
2310 -4.0000000000 0.1000000000
2444 5.0000000000 0.1000000000
2458 6.0000000000 0.1000000000
2614 7.0000000000 0.1000000000
4675 8.0000000000 0.1000000000
100000 8.0000000000 0.1000000000
evaluations raw_y evaporation_rate
1 -1332.0000000000 0.1000000000
5 -1313.0000000000 0.1000000000
7 -1225.0000000000 0.1000000000
11 -1186.0000000000 0.1000000000
19 -1079.0000000000 0.1000000000
26 -1069.0000000000 0.1000000000
33 -991.0000000000 0.1000000000
36 -845.0000000000 0.1000000000
42 -835.0000000000 0.1000000000
53 -806.0000000000 0.1000000000
62 -796.0000000000 0.1000000000
63 -777.0000000000 0.1000000000
65 -728.0000000000 0.1000000000
70 -689.0000000000 0.1000000000
72 -650.0000000000 0.1000000000
81 -621.0000000000 0.1000000000
122 -582.0000000000 0.1000000000
123 -553.0000000000 0.1000000000
180 -534.0000000000 0.1000000000
192 -495.0000000000 0.1000000000
285 -456.0000000000 0.1000000000
319 -427.0000000000 0.1000000000
340 -369.0000000000 0.1000000000
394 -330.0000000000 0.1000000000
432 -311.0000000000 0.1000000000
479 -282.0000000000 0.1000000000
499 -253.0000000000 0.1000000000
621 -224.0000000000 0.1000000000
660 -215.0000000000 0.1000000000
670 -195.0000000000 0.1000000000
672 -186.0000000000 0.1000000000
766 -157.0000000000 0.1000000000
804 -138.0000000000 0.1000000000
908 -109.0000000000 0.1000000000
1010 -100.0000000000 0.1000000000
1178 -91.0000000000 0.1000000000
1195 -90.0000000000 0.1000000000
1242 -81.0000000000 0.1000000000
1258 -62.0000000000 0.1000000000
1492 -61.0000000000 0.1000000000
2005 -52.0000000000 0.1000000000
2019 -33.0000000000 0.1000000000
2256 -24.0000000000 0.1000000000
2366 -23.0000000000 0.1000000000
2466 -14.0000000000 0.1000000000
2526 -13.0000000000 0.1000000000
2627 -4.0000000000 0.1000000000
2813 5.0000000000 0.1000000000
2881 6.0000000000 0.1000000000
3039 7.0000000000 0.1000000000
3603 8.0000000000 0.1000000000
4147 9.0000000000 0.1000000000
100000 9.0000000000 0.1000000000
evaluations raw_y evaporation_rate
1 -1089.0000000000 0.1000000000
11 -1020.0000000000 0.1000000000
15 -991.0000000000 0.1000000000
26 -855.0000000000 0.1000000000
31 -816.0000000000 0.1000000000
39 -806.0000000000 0.1000000000
41 -719.0000000000 0.1000000000
49 -632.0000000000 0.1000000000
56 -622.0000000000 0.1000000000
69 -612.0000000000 0.1000000000
71 -593.0000000000 0.1000000000
72 -544.0000000000 0.1000000000
81 -515.0000000000 0.1000000000
168 -496.0000000000 0.1000000000
172 -476.0000000000 0.1000000000
181 -457.0000000000 0.1000000000
208 -418.0000000000 0.1000000000
382 -399.0000000000 0.1000000000
495 -370.0000000000 0.1000000000
519 -341.0000000000 0.1000000000
656 -322.0000000000 0.1000000000
686 -293.0000000000 0.1000000000
709 -264.0000000000 0.1000000000
852 -225.0000000000 0.1000000000
897 -196.0000000000 0.1000000000
932 -167.0000000000 0.1000000000
1088 -138.0000000000 0.1000000000
1282 -119.0000000000 0.1000000000
1284 -109.0000000000 0.1000000000
1291 -90.0000000000 0.1000000000
1346 -81.0000000000 0.1000000000
1349 -61.0000000000 0.1000000000
1674 -52.0000000000 0.1000000000
1699 -51.0000000000 0.1000000000
1810 -32.0000000000 0.1000000000
1863 -23.0000000000 0.1000000000
2061 -14.0000000000 0.1000000000
2081 -13.0000000000 0.1000000000
2248 6.0000000000 0.1000000000
2565 7.0000000000 0.1000000000
2767 8.0000000000 0.1000000000
100000 8.0000000000 0.1000000000
evaluations raw_y evaporation_rate
1 -1439.0000000000 0.1000000000
2 -1410.0000000000 0.1000000000
6 -1351.0000000000 0.1000000000
7 -1195.0000000000 0.1000000000
9 -1117.0000000000 0.1000000000
16 -991.0000000000 0.1000000000
20 -981.0000000000 0.1000000000
23 -709.0000000000 0.1000000000
38 -680.0000000000 0.1000000000
43 -641.0000000000 0.1000000000
44 -631.0000000000 0.1000000000
61 -602.0000000000 0.1000000000
77 -573.0000000000 0.1000000000
140 -534.0000000000 0.1000000000
231 -505.0000000000 0.1000000000
284 -476.0000000000 0.1000000000
287 -457.0000000000 0.1000000000
316 -428.0000000000 0.1000000000
321 -389.0000000000 0.1000000000
417 -360.0000000000 0.1000000000
422 -350.0000000000 0.1000000000
426 -321.0000000000 0.1000000000
445 -302.0000000000 0.1000000000
477 -273.0000000000 0.1000000000
502 -254.0000000000 0.1000000000
530 -234.0000000000 0.1000000000
535 -215.0000000000 0.1000000000
587 -196.0000000000 0.1000000000
611 -167.0000000000 0.1000000000
792 -138.0000000000 0.1000000000
847 -129.0000000000 0.1000000000
850 -119.0000000000 0.1000000000
862 -110.0000000000 0.1000000000
863 -90.0000000000 0.1000000000
1093 -71.0000000000 0.1000000000
1402 -52.0000000000 0.1000000000
1412 -43.0000000000 0.1000000000
1560 -42.0000000000 0.1000000000
1816 -33.0000000000 0.1000000000
1825 -32.0000000000 0.1000000000
1878 -31.0000000000 0.1000000000
2259 -22.0000000000 0.1000000000
2274 -21.0000000000 0.1000000000
2291 -3.0000000000 0.1000000000
2300 -2.0000000000 0.1000000000
2615 7.0000000000 0.1000000000
3995 8.0000000000 0.1000000000
100000 8.0000000000 0.1000000000
evaluations raw_y evaporation_rate
1 -1284.0000000000 0.0100000000
2 -1264.0000000000 0.0100000000
3 -1109.0000000000 0.0100000000
15 -1108.0000000000 0.0100000000
44 -1039.0000000000 0.0100000000
56 -933.0000000000 0.0100000000
84 -738.0000000000 0.0100000000
131 -709.0000000000 0.0100000000
159 -699.0000000000 0.0100000000
161 -690.0000000000 0.0100000000
166 -661.0000000000 0.0100000000
174 -641.0000000000 0.0100000000
175 -612.0000000000 0.0100000000
176 -593.0000000000 0.0100000000
198 -563.0000000000 0.0100000000
231 -554.0000000000 0.0100000000
241 -525.0000000000 0.0100000000
257 -514.0000000000 0.0100000000
278 -466.0000000000 0.0100000000
287 -447.0000000000 0.0100000000
288 -408.0000000000 0.0100000000
323 -398.0000000000 0.0100000000
328 -234.0000000000 0.0100000000
413 -204.0000000000 0.0100000000
447 -195.0000000000 0.0100000000
483 -176.0000000000 0.0100000000
505 -129.0000000000 0.0100000000
564 -118.0000000000 0.0100000000
580 -109.0000000000 0.0100000000
625 -81.0000000000 0.0100000000
675 -71.0000000000 0.0100000000
705 -62.0000000000 0.0100000000
729 -53.0000000000 0.0100000000
743 -34.0000000000 0.0100000000
777 -33.0000000000 0.0100000000
844 -32.0000000000 0.0100000000
918 -31.0000000000 0.0100000000
1084 -12.0000000000 0.0100000000
1609 -11.0000000000 0.0100000000
1629 7.0000000000 0.0100000000
1655 8.0000000000 0.0100000000
100000 8.0000000000 0.0100000000
evaluations raw_y evaporation_rate
1 -1527.0000000000 0.0100000000
2 -1390.0000000000 0.0100000000
9 -1332.0000000000 0.0100000000
13 -1215.0000000000 0.0100000000
23 -1099.0000000000 0.0100000000
80 -1098.0000000000 0.0100000000
94 -1060.0000000000 0.0100000000
102 -1001.0000000000 0.0100000000
104 -972.0000000000 0.0100000000
116 -962.0000000000 0.0100000000
135 -943.0000000000 0.0100000000
142 -894.0000000000 0.0100000000
149 -758.0000000000 0.0100000000
202 -738.0000000000 0.0100000000
230 -641.0000000000 0.0100000000
288 -573.0000000000 0.0100000000
296 -544.0000000000 0.0100000000
328 -514.0000000000 0.0100000000
332 -466.0000000000 0.0100000000
376 -456.0000000000 0.0100000000
414 -417.0000000000 0.0100000000
433 -359.0000000000 0.0100000000
472 -349.0000000000 0.0100000000
484 -320.0000000000 0.0100000000
489 -311.0000000000 0.0100000000
535 -301.0000000000 0.0100000000
573 -263.0000000000 0.0100000000
593 -234.0000000000 0.0100000000
596 -205.0000000000 0.0100000000
723 -195.0000000000 0.0100000000
783 -167.0000000000 0.0100000000
1098 -158.0000000000 0.0100000000
1131 -157.0000000000 0.0100000000
1138 -138.0000000000 0.0100000000
1162 -129.0000000000 0.0100000000
1210 -128.0000000000 0.0100000000
1400 -109.0000000000 0.0100000000
1482 -100.0000000000 0.0100000000
1486 -90.0000000000 0.0100000000
1532 -81.0000000000 0.0100000000
1685 -72.0000000000 0.0100000000
1821 -62.0000000000 0.0100000000
1845 -53.0000000000 0.0100000000
1974 -34.0000000000 0.0100000000
2120 -33.0000000000 0.0100000000
2271 -14.0000000000 0.0100000000
2762 -13.0000000000 0.0100000000
3032 6.0000000000 0.0100000000
3143 7.0000000000 0.0100000000
3211 8.0000000000 0.0100000000
4561 9.0000000000 0.0100000000
100000 9.0000000000 0.0100000000
evaluations raw_y evaporation_rate
1 -1352.0000000000 0.0100000000
5 -1069.0000000000 0.0100000000
34 -1040.0000000000 0.0100000000
46 -942.0000000000 0.0100000000
84 -914.0000000000 0.0100000000
90 -903.0000000000 0.0100000000
91 -845.0000000000 0.0100000000
107 -670.0000000000 0.0100000000
172 -407.0000000000 0.0100000000
240 -379.0000000000 0.0100000000
249 -282.0000000000 0.0100000000
384 -262.0000000000 0.0100000000
399 -243.0000000000 0.0100000000
415 -196.0000000000 0.0100000000
464 -176.0000000000 0.0100000000
465 -166.0000000000 0.0100000000
533 -157.0000000000 0.0100000000
543 -138.0000000000 0.0100000000
721 -119.0000000000 0.0100000000
861 -110.0000000000 0.0100000000
867 -100.0000000000 0.0100000000
888 -91.0000000000 0.0100000000
1026 -82.0000000000 0.0100000000
1186 -53.0000000000 0.0100000000
1441 -34.0000000000 0.0100000000
1621 -33.0000000000 0.0100000000
2079 -4.0000000000 0.0100000000
2654 -3.0000000000 0.0100000000
2729 6.0000000000 0.0100000000
3121 7.0000000000 0.0100000000
3335 8.0000000000 0.0100000000
100000 8.0000000000 0.0100000000
evaluations raw_y evaporation_rate
1 -1458.0000000000 0.0100000000
3 -1439.0000000000 0.0100000000
5 -1030.0000000000 0.0100000000
17 -972.0000000000 0.0100000000
74 -962.0000000000 0.0100000000
83 -855.0000000000 0.0100000000
105 -845.0000000000 0.0100000000
136 -826.0000000000 0.0100000000
147 -592.0000000000 0.0100000000
257 -554.0000000000 0.0100000000
262 -553.0000000000 0.0100000000
287 -534.0000000000 0.0100000000
288 -505.0000000000 0.0100000000
291 -446.0000000000 0.0100000000
302 -388.0000000000 0.0100000000
343 -341.0000000000 0.0100000000
360 -331.0000000000 0.0100000000
384 -311.0000000000 0.0100000000
404 -292.0000000000 0.0100000000
423 -263.0000000000 0.0100000000
468 -234.0000000000 0.0100000000
486 -233.0000000000 0.0100000000
498 -224.0000000000 0.0100000000
520 -215.0000000000 0.0100000000
523 -167.0000000000 0.0100000000
560 -157.0000000000 0.0100000000
590 -109.0000000000 0.0100000000
619 -100.0000000000 0.0100000000
641 -81.0000000000 0.0100000000
644 -71.0000000000 0.0100000000
669 -62.0000000000 0.0100000000
708 -52.0000000000 0.0100000000
729 -43.0000000000 0.0100000000
792 -24.0000000000 0.0100000000
1411 -23.0000000000 0.0100000000
1413 -5.0000000000 0.0100000000
1921 -4.0000000000 0.0100000000
1989 4.0000000000 0.0100000000
2022 5.0000000000 0.0100000000
2240 6.0000000000 0.0100000000
2289 7.0000000000 0.0100000000
2848 8.0000000000 0.0100000000
3702 9.0000000000 0.0100000000
100000 9.0000000000 0.0100000000
evaluations raw_y evaporation_rate
1 -1332.0000000000 0.0100000000
3 -1274.0000000000 0.0100000000
5 -1001.0000000000 0.0100000000
21 -922.0000000000 0.0100000000
84 -855.0000000000 0.0100000000
132 -845.0000000000 0.0100000000
134 -797.0000000000 0.0100000000
153 -767.0000000000 0.0100000000
173 -729.0000000000 0.0100000000
195 -718.0000000000 0.0100000000
201 -622.0000000000 0.0100000000
217 -612.0000000000 0.0100000000
219 -524.0000000000 0.0100000000
253 -457.0000000000 0.0100000000
284 -456.0000000000 0.0100000000
352 -379.0000000000 0.0100000000
363 -369.0000000000 0.0100000000
389 -349.0000000000 0.0100000000
414 -321.0000000000 0.0100000000
438 -320.0000000000 0.0100000000
449 -302.0000000000 0.0100000000
478 -282.0000000000 0.0100000000
505 -214.0000000000 0.0100000000
590 -156.0000000000 0.0100000000
729 -147.0000000000 0.0100000000
944 -138.0000000000 0.0100000000
954 -118.0000000000 0.0100000000
977 -108.0000000000 0.0100000000
1016 -99.0000000000 0.0100000000
1046 -89.0000000000 0.0100000000
1093 -80.0000000000 0.0100000000
1523 -71.0000000000 0.0100000000
1740 -52.0000000000 0.0100000000
2334 -33.0000000000 0.0100000000
2439 -24.0000000000 0.0100000000
2662 -23.0000000000 0.0100000000
2673 -15.0000000000 0.0100000000
2691 -14.0000000000 0.0100000000
2760 -13.0000000000 0.0100000000
2941 -4.0000000000 0.0100000000
3164 5.0000000000 0.0100000000
3418 6.0000000000 0.0100000000
3740 7.0000000000 0.0100000000
100000 7.0000000000 0.0100000000
evaluations raw_y evaporation_rate
1 -1547.0000000000 0.0100000000
2 -1264.0000000000 0.0100000000
4 -953.0000000000 0.0100000000
40 -903.0000000000 0.0100000000
45 -825.0000000000 0.0100000000
79 -816.0000000000 0.0100000000
80 -728.0000000000 0.0100000000
131 -651.0000000000 0.0100000000
176 -563.0000000000 0.0100000000
223 -495.0000000000 0.0100000000
238 -398.0000000000 0.0100000000
294 -321.0000000000 0.0100000000
334 -292.0000000000 0.0100000000
382 -215.0000000000 0.0100000000
404 -204.0000000000 0.0100000000
496 -156.0000000000 0.0100000000
539 -137.0000000000 0.0100000000
564 -89.0000000000 0.0100000000
692 -70.0000000000 0.0100000000
993 -61.0000000000 0.0100000000
1074 -52.0000000000 0.0100000000
1141 -51.0000000000 0.0100000000
1240 -50.0000000000 0.0100000000
1444 -41.0000000000 0.0100000000
1646 -32.0000000000 0.0100000000
1731 -23.0000000000 0.0100000000
1843 -14.0000000000 0.0100000000
2034 -13.0000000000 0.0100000000
2125 -4.0000000000 0.0100000000
2449 -3.0000000000 0.0100000000
3354 -2.0000000000 0.0100000000
3436 6.0000000000 0.0100000000
3447 7.0000000000 0.0100000000
3632 8.0000000000 0.0100000000
100000 8.0000000000 0.0100000000
evaluations raw_y evaporation_rate
1 -1468.0000000000 0.0100000000
2 -1410.0000000000 0.0100000000
5 -1206.0000000000 0.0100000000
8 -1069.0000000000 0.0100000000
9 -1059.0000000000 0.0100000000
24 -943.0000000000 0.0100000000
41 -904.0000000000 0.0100000000
44 -855.0000000000 0.0100000000
77 -787.0000000000 0.0100000000
109 -777.0000000000 0.0100000000
119 -631.0000000000 0.0100000000
158 -534.0000000000 0.0100000000
207 -466.0000000000 0.0100000000
249 -417.0000000000 0.0100000000
262 -320.0000000000 0.0100000000
376 -262.0000000000 0.0100000000
414 -204.0000000000 0.0100000000
447 -175.0000000000 0.0100000000
463 -108.0000000000 0.0100000000
514 -107.0000000000 0.0100000000
522 -69.0000000000 0.0100000000
572 -40.0000000000 0.0100000000
644 -31.0000000000 0.0100000000
763 -22.0000000000 0.0100000000
863 -13.0000000000 0.0100000000
946 -12.0000000000 0.0100000000
1299 -3.0000000000 0.0100000000
1596 -2.0000000000 0.0100000000
2364 7.0000000000 0.0100000000
3173 8.0000000000 0.0100000000
100000 8.0000000000 0.0100000000
evaluations raw_y evaporation_rate
1 -1332.0000000000 0.0100000000
5 -1264.0000000000 0.0100000000
8 -1186.0000000000 0.0100000000
25 -1118.0000000000 0.0100000000
37 -1079.0000000000 0.0100000000
42 -1059.0000000000 0.0100000000
70 -1050.0000000000 0.0100000000
73 -982.0000000000 0.0100000000
97 -884.0000000000 0.0100000000
131 -865.0000000000 0.0100000000
132 -767.0000000000 0.0100000000
170 -651.0000000000 0.0100000000
214 -622.0000000000 0.0100000000
224 -583.0000000000 0.0100000000
235 -496.0000000000 0.0100000000
238 -495.0000000000 0.0100000000
280 -466.0000000000 0.0100000000
289 -448.0000000000 0.0100000000
319 -369.0000000000 0.0100000000
356 -350.0000000000 0.0100000000
367 -301.0000000000 0.0100000000
373 -243.0000000000 0.0100000000
405 -234.0000000000 0.0100000000
413 -233.0000000000 0.0100000000
432 -186.0000000000 0.0100000000
466 -176.0000000000 0.0100000000
490 -146.0000000000 0.0100000000
525 -117.0000000000 0.0100000000
583 -99.0000000000 0.0100000000
608 -89.0000000000 0.0100000000
686 -80.0000000000 0.0100000000
696 -70.0000000000 0.0100000000
730 -61.0000000000 0.0100000000
1194 -60.0000000000 0.0100000000
1197 -52.0000000000 0.0100000000
1258 -32.0000000000 0.0100000000
1266 -23.0000000000 0.0100000000
1594 -22.0000000000 0.0100000000
1658 -3.0000000000 0.0100000000
2040 -2.0000000000 0.0100000000
2430 7.0000000000 0.0100000000
3179 8.0000000000 0.0100000000
4153 9.0000000000 0.0100000000
100000 9.0000000000 0.0100000000
evaluations raw_y evaporation_rate
1 -1089.0000000000 0.0100000000
8 -1088.0000000000 0.0100000000
17 -1040.0000000000 0.0100000000
21 -1021.0000000000 0.0100000000
39 -991.0000000000 0.0100000000
59 -943.0000000000 0.0100000000
72 -825.0000000000 0.0100000000
90 -729.0000000000 0.0100000000
106 -719.0000000000 0.0100000000
159 -651.0000000000 0.0100000000
173 -535.0000000000 0.0100000000
194 -534.0000000000 0.0100000000
220 -514.0000000000 0.0100000000
246 -398.0000000000 0.0100000000
253 -359.0000000000 0.0100000000
280 -350.0000000000 0.0100000000
304 -310.0000000000 0.0100000000
331 -301.0000000000 0.0100000000
374 -263.0000000000 0.0100000000
389 -253.0000000000 0.0100000000
399 -165.0000000000 0.0100000000
433 -127.0000000000 0.0100000000
479 -108.0000000000 0.0100000000
537 -107.0000000000 0.0100000000
540 -89.0000000000 0.0100000000
545 -88.0000000000 0.0100000000
576 -70.0000000000 0.0100000000
588 -69.0000000000 0.0100000000
597 -61.0000000000 0.0100000000
611 -51.0000000000 0.0100000000
642 -41.0000000000 0.0100000000
747 -32.0000000000 0.0100000000
808 -13.0000000000 0.0100000000
907 -12.0000000000 0.0100000000
1023 -11.0000000000 0.0100000000
1088 -2.0000000000 0.0100000000
1417 -1.0000000000 0.0100000000
1508 8.0000000000 0.0100000000
100000 8.0000000000 0.0100000000
evaluations raw_y evaporation_rate
1 -1439.0000000000 0.0100000000
2 -1400.0000000000 0.0100000000
6 -1205.0000000000 0.0100000000
9 -981.0000000000 0.0100000000
81 -816.0000000000 0.0100000000
126 -757.0000000000 0.0100000000
137 -728.0000000000 0.0100000000
142 -690.0000000000 0.0100000000
157 -680.0000000000 0.0100000000
203 -671.0000000000 0.0100000000
211 -651.0000000000 0.0100000000
213 -650.0000000000 0.0100000000
215 -544.0000000000 0.0100000000
220 -505.0000000000 0.0100000000
264 -456.0000000000 0.0100000000
295 -427.0000000000 0.0100000000
320 -417.0000000000 0.0100000000
328 -388.0000000000 0.0100000000
366 -350.0000000000 0.0100000000
383 -349.0000000000 0.0100000000
384 -272.0000000000 0.0100000000
420 -262.0000000000 0.0100000000
429 -185.0000000000 0.0100000000
484 -175.0000000000 0.0100000000
510 -156.0000000000 0.0100000000
531 -117.0000000000 0.0100000000
584 -98.0000000000 0.0100000000
656 -79.0000000000 0.0100000000
734 -70.0000000000 0.0100000000
751 -60.0000000000 0.0100000000
776 -51.0000000000 0.0100000000
920 -42.0000000000 0.0100000000
1401 -41.0000000000 0.0100000000
1416 -33.0000000000 0.0100000000
1457 -32.0000000000 0.0100000000
2259 -13.0000000000 0.0100000000
2292 -12.0000000000 0.0100000000
2615 -3.0000000000 0.0100000000
2770 6.0000000000 0.0100000000
2926 7.0000000000 0.0100000000
100000 7.0000000000 0.0100000000
