evaluations raw_y
1 -0.5255955036
2 -0.5240739652
35 -0.5208237444
60 -0.5116412134
105 -0.5049428501
108 -0.4968495641
120 -0.4945081087
151 -0.4943407814
155 -0.4774913826
216 -0.4634071498
238 -0.4608450746
296 -0.4525956946
346 -0.4507594554
416 -0.4453745767
425 -0.4438436002
440 -0.4435774604
514 -0.4368524232
525 -0.4269341247
643 -0.4245715039
644 -0.4203293576
673 -0.4182663246
755 -0.4139445931
814 -0.4126830369
853 -0.4120247823
895 -0.4112319369
985 -0.4073232724
1033 -0.3995104545
1409 -0.3944051474
1418 -0.3895301411
1452 -0.3865463415
1609 -0.3799010163
1629 -0.3749772102
1743 -0.3707708656
1747 -0.3685090789
1751 -0.3678426025
1846 -0.3643651112
1927 -0.3636240938
1994 -0.3634319124
2004 -0.3627358616
2080 -0.3548883497
2297 -0.3548256738
2354 -0.3521229185
2360 -0.3508621225
2492 -0.3503323797
2566 -0.3459671940
2904 -0.3433130640
3342 -0.3389610828
3407 -0.3354983241
3996 -0.3344972837
4358 -0.3334882719
4773 -0.3322579817
5632 -0.3321315762
5835 -0.3268119404
6955 -0.3256708817
7003 -0.3251907617
7486 -0.3214692981
9276 -0.3165153095
100000 -0.3167074910
evaluations raw_y
1 -0.5042901979
49 -0.5024065496
51 -0.4916771009
68 -0.4911357688
89 -0.4819008815
93 -0.4813711388
99 -0.4752743918
158 -0.4703428932
165 -0.4685399408
177 -0.4665834774
196 -0.4647074389
220 -0.4541844404
239 -0.4528261270
314 -0.4474090056
334 -0.4456376266
403 -0.4456292415
444 -0.4376066949
459 -0.4332547137
500 -0.4161139095
508 -0.4106930785
514 -0.4051010770
523 -0.3971217416
537 -0.3954395166
633 -0.3898007498
658 -0.3879763381
800 -0.3845135794
828 -0.3841717503
852 -0.3834988401
957 -0.3805150406
1099 -0.3774673757
1133 -0.3667047106
1159 -0.3613958346
1224 -0.3553547173
1361 -0.3541244271
1363 -0.3538003889
1400 -0.3519762487
1412 -0.3507089878
1496 -0.3469448948
1497 -0.3443564109
1555 -0.3417022809
1585 -0.3412221609
1606 -0.3404598631
1708 -0.3342557044
1846 -0.3335596536
2464 -0.3306152809
2837 -0.3239249665
3652 -0.3197186219
5007 -0.3112045995
100000 -0.3112045995
evaluations raw_y
1 -0.5425963596
5 -0.5425879744
72 -0.5353054920
86 -0.5247316538
98 -0.5137027910
102 -0.5031683904
108 -0.4971228608
116 -0.4970178207
205 -0.4906422789
209 -0.4878205135
212 -0.4804434962
213 -0.4754895076
268 -0.4676766897
290 -0.4658404506
354 -0.4591154134
380 -0.4473232586
426 -0.4365804827
449 -0.4318070952
507 -0.4300961997
611 -0.4254640001
641 -0.4250242709
649 -0.4193293518
826 -0.4186399351
874 -0.4174096449
890 -0.4109940232
899 -0.4103774410
911 -0.4089355324
918 -0.4020890299
976 -0.3986262712
1000 -0.3951467167
1046 -0.3941456763
1113 -0.3861492434
1116 -0.3830729410
1152 -0.3818014327
1191 -0.3804772290
1197 -0.3786742766
1204 -0.3760079932
1258 -0.3716428075
1434 -0.3698676307
1436 -0.3658145497
1606 -0.3596103910
1625 -0.3557257104
1657 -0.3554595705
2063 -0.3536881915
2159 -0.3458740124
2243 -0.3425486550
2340 -0.3418950899
2557 -0.3414149699
2579 -0.3407189191
2683 -0.3372786299
2836 -0.3365005383
3081 -0.3279865159
3483 -0.3279294531
3959 -0.3182090163
4021 -0.3116756131
82146 -0.3081513210
100000 -0.3081513210
evaluations raw_y
1 -0.5296482635
6 -0.5290783796
48 -0.5240803392
51 -0.5189219604
73 -0.5177140496
110 -0.5156012987
127 -0.5050783002
155 -0.5031218368
197 -0.5026417168
203 -0.5014114266
221 -0.4934917464
275 -0.4922993163
343 -0.4915370185
367 -0.4891729312
371 -0.4851198501
372 -0.4771234171
490 -0.4668950386
582 -0.4606063402
600 -0.4544761378
602 -0.4518220078
652 -0.4485717870
666 -0.4437602555
728 -0.4365398091
781 -0.4361918520
893 -0.4357772066
900 -0.4312633190
954 -0.4300017628
970 -0.4270562142
993 -0.4257954182
994 -0.4214434370
1027 -0.4152435443
1084 -0.4089554920
1085 -0.4082594412
1092 -0.4044690092
1121 -0.4018374789
1204 -0.3989189476
1234 -0.3939656851
1282 -0.3920946658
1295 -0.3902917134
1353 -0.3896334589
1464 -0.3750656351
1760 -0.3713000932
1840 -0.3664208384
1900 -0.3602561767
1934 -0.3553021881
2066 -0.3526853098
2871 -0.3514180489
2922 -0.3429040265
3155 -0.3368584969
3212 -0.3346533824
3348 -0.3319900068
3576 -0.3257858481
3657 -0.3255789386
3695 -0.3198764544
3696 -0.3190746134
4085 -0.3184580311
4169 -0.3178044660
4580 -0.3170263745
4738 -0.3166948004
7057 -0.3087154650
100000 -0.3087154650
evaluations raw_y
1 -0.4894263915
8 -0.4877441666
36 -0.4864236040
85 -0.4846522250
99 -0.4801078925
159 -0.4735744894
272 -0.4706412467
276 -0.4703096727
282 -0.4654981412
304 -0.4616345334
406 -0.4549361702
444 -0.4425008020
447 -0.4361231587
477 -0.4352992559
478 -0.4326092741
503 -0.4185250414
526 -0.4166173843
545 -0.4166089991
604 -0.4153474429
808 -0.4151801156
852 -0.4090833687
887 -0.4047075158
921 -0.3998066797
1050 -0.3919925005
1092 -0.3841548378
1159 -0.3799484932
1221 -0.3789394813
1245 -0.3754767226
1291 -0.3714236416
1353 -0.3699021032
1399 -0.3587563143
1444 -0.3507337677
1538 -0.3499927503
1755 -0.3465524611
1828 -0.3461127319
1967 -0.3448824418
2047 -0.3372032496
2182 -0.3269664571
3419 -0.3220124686
4118 -0.3150738212
4751 -0.3089787740
5713 -0.3066710235
6788 -0.3061909035
52976 -0.3026666114
100000 -0.3026666114
evaluations raw_y
1 -0.5121578576
34 -0.5090651505
51 -0.5041111620
60 -0.5035412780
67 -0.4944697324
77 -0.4838958942
95 -0.4804556051
96 -0.4723623190
131 -0.4682970541
145 -0.4655942988
148 -0.4583738524
163 -0.4515273498
170 -0.4491059669
182 -0.4353545577
284 -0.4299315154
295 -0.4226490329
319 -0.4179541054
324 -0.4149611237
334 -0.4136718330
341 -0.4056754000
342 -0.4037037489
373 -0.4032197063
491 -0.4027446830
571 -0.3985383384
644 -0.3937649509
659 -0.3929868593
718 -0.3821113872
727 -0.3803400082
751 -0.3780483080
794 -0.3776474940
894 -0.3729131014
970 -0.3685479157
1260 -0.3684215102
1312 -0.3671809766
1324 -0.3573733661
1385 -0.3534260588
1527 -0.3481064230
1646 -0.3472781114
1685 -0.3465370940
1871 -0.3458410432
1917 -0.3378617077
1949 -0.3374470624
1954 -0.3325462263
2691 -0.3292208688
2834 -0.3251677878
2992 -0.3225793039
3359 -0.3210483275
4202 -0.3186857066
4282 -0.3148010260
4857 -0.3121468960
6368 -0.3115303138
100000 -0.3115303138
evaluations raw_y
1 -0.5262623277
67 -0.5256852949
78 -0.5195206331
82 -0.5181481699
93 -0.5151643704
104 -0.5129592560
129 -0.5075603140
148 -0.4986811197
168 -0.4905816885
184 -0.4890507121
209 -0.4857468734
321 -0.4779092106
357 -0.4727597330
390 -0.4703994028
408 -0.4666353099
410 -0.4640861234
433 -0.4626922707
480 -0.4600022889
482 -0.4553700893
533 -0.4553130265
538 -0.4491088678
564 -0.4484128170
605 -0.4471520210
678 -0.4457722279
728 -0.4397408205
846 -0.4336952910
889 -0.4244604036
930 -0.4210201144
952 -0.4168503125
973 -0.4068205963
1163 -0.4060795789
1175 -0.4017143932
1193 -0.3973701726
1340 -0.3947067970
1412 -0.3934662634
1501 -0.3871858233
1596 -0.3795066312
1663 -0.3791750572
1670 -0.3742742211
1709 -0.3734723801
1767 -0.3733459746
1848 -0.3685011199
1911 -0.3583240053
2166 -0.3583156202
2308 -0.3567940818
2329 -0.3532120037
2719 -0.3510700221
2938 -0.3457503863
3107 -0.3355135938
3190 -0.3336425745
3236 -0.3309884445
3376 -0.3212680077
3452 -0.3159088119
3703 -0.3146682783
3840 -0.3131832014
5034 -0.3125666191
5156 -0.3123597095
5201 -0.3066572254
100000 -0.3066572254
evaluations raw_y
1 -0.5124320140
20 -0.5031325587
57 -0.4979741799
73 -0.4958874491
76 -0.4936295192
81 -0.4897334931
107 -0.4879305406
113 -0.4830158502
123 -0.4820148098
132 -0.4751683073
156 -0.4745100527
160 -0.4645917542
161 -0.4623698737
191 -0.4621037339
229 -0.4586409752
241 -0.4505415440
323 -0.4456665377
375 -0.4430260118
388 -0.4412546328
417 -0.4405136154
432 -0.4395094831
471 -0.4347750905
514 -0.4342949705
597 -0.4302297056
747 -0.4165112991
766 -0.4149897608
804 -0.4137224998
965 -0.4080200157
1057 -0.4073239648
1178 -0.4016945184
1387 -0.3936980854
1515 -0.3882772544
1525 -0.3777034163
1600 -0.3697837361
1930 -0.3659874588
2019 -0.3553912450
2021 -0.3531294584
2282 -0.3438945710
2430 -0.3343746202
3610 -0.3241975056
3799 -0.3198323199
3991 -0.3107607743
4665 -0.3107523891
100000 -0.3107523891
evaluations raw_y
1 -0.5085643270
12 -0.5023290923
21 -0.4947520591
72 -0.4869378800
76 -0.4845775498
172 -0.4796460512
188 -0.4763050512
208 -0.4762966660
253 -0.4739325787
330 -0.4578416784
518 -0.4560387260
530 -0.4546917853
564 -0.4506387042
595 -0.4388465494
608 -0.4355436688
653 -0.4315937803
688 -0.4281534911
706 -0.4278055340
826 -0.4265524304
883 -0.4246447733
896 -0.4211577158
897 -0.4157346735
1079 -0.4147256616
1088 -0.4121764752
1098 -0.4044972831
1152 -0.4015043014
1194 -0.3909304632
1283 -0.3897001731
1349 -0.3789573971
1657 -0.3744214498
1720 -0.3736196088
1817 -0.3713578222
1881 -0.3707078346
1943 -0.3701780919
2198 -0.3678986435
2290 -0.3613652404
2340 -0.3613568552
2567 -0.3610643112
2695 -0.3607402730
2982 -0.3600442222
3173 -0.3580748810
3175 -0.3491956866
3392 -0.3464929312
3631 -0.3457306335
3755 -0.3384481510
4326 -0.3340829653
5132 -0.3330819249
7082 -0.3269868777
7738 -0.3260699418
8200 -0.3258630322
8606 -0.3253829122
8836 -0.3214982317
100000 -0.3214982317
evaluations raw_y
1 -0.5623596320
16 -0.5574063695
21 -0.5493069384
27 -0.5470274900
33 -0.5364807342
65 -0.5300291029
134 -0.5230878895
153 -0.5205387031
178 -0.5148437840
240 -0.5091457449
255 -0.5041575485
287 -0.4963086137
330 -0.4854135488
416 -0.4846354572
477 -0.4816516577
478 -0.4711629756
491 -0.4685744917
530 -0.4671946986
534 -0.4574814417
564 -0.4551544642
598 -0.4489898024
641 -0.4410701222
662 -0.4377291222
739 -0.4371993795
771 -0.4349191560
791 -0.4260303472
792 -0.4242062070
825 -0.4204926608
828 -0.4196301498
1095 -0.4119509577
1098 -0.4084881990
1195 -0.4062287394
1280 -0.4035746094
1297 -0.3946954150
1412 -0.3806111822
1430 -0.3791371877
1536 -0.3689003952
1745 -0.3680985541
1801 -0.3679063727
1819 -0.3599099398
1828 -0.3501895030
1917 -0.3456005616
2201 -0.3449045108
2274 -0.3363904883
2440 -0.3288695147
2518 -0.3276022537
2737 -0.3268004127
2762 -0.3220660201
100000 -0.3220660201
evaluations raw_y
1 -0.5255955036
2 -0.5240739652
35 -0.5208237444
60 -0.5116412134
105 -0.5049428501
108 -0.4968495641
120 -0.4945081087
151 -0.4943407814
155 -0.4774913826
216 -0.4634071498
238 -0.4608450746
296 -0.4525956946
346 -0.4507594554
416 -0.4453745767
425 -0.4438436002
440 -0.4435774604
514 -0.4368524232
525 -0.4269341247
643 -0.4245715039
644 -0.4203293576
673 -0.4182663246
755 -0.4139445931
814 -0.4126830369
853 -0.4120247823
895 -0.4112319369
985 -0.4073232724
1033 -0.3995104545
1409 -0.3944051474
1418 -0.3895301411
1452 -0.3865463415
1609 -0.3799010163
1629 -0.3749772102
1743 -0.3707708656
1747 -0.3685090789
1751 -0.3678426025
1846 -0.3643651112
1927 -0.3636240938
1994 -0.3634319124
2004 -0.3627358616
2080 -0.3548883497
2297 -0.3548256738
2354 -0.3521229185
2360 -0.3508621225
2492 -0.3503323797
2566 -0.3459671940
2904 -0.3433130640
3342 -0.3389610828
3407 -0.3354983241
3996 -0.3344972837
4358 -0.3334882719
4773 -0.3322579817
5632 -0.3321315762
5835 -0.3268119404
6955 -0.3256708817
7003 -0.3251907617
7486 -0.3214692981
9276 -0.3165153095
100000 -0.3167074910
evaluations raw_y
1 -0.5042901979
49 -0.5024065496
51 -0.4916771009
68 -0.4911357688
89 -0.4819008815
93 -0.4813711388
99 -0.4752743918
158 -0.4703428932
165 -0.4685399408
177 -0.4665834774
196 -0.4647074389
220 -0.4541844404
239 -0.4528261270
314 -0.4474090056
334 -0.4456376266
403 -0.4456292415
444 -0.4376066949
459 -0.4332547137
500 -0.4161139095
508 -0.4106930785
514 -0.4051010770
523 -0.3971217416
537 -0.3954395166
633 -0.3898007498
658 -0.3879763381
800 -0.3845135794
828 -0.3841717503
852 -0.3834988401
957 -0.3805150406
1099 -0.3774673757
1133 -0.3667047106
1159 -0.3613958346
1224 -0.3553547173
1361 -0.3541244271
1363 -0.3538003889
1400 -0.3519762487
1412 -0.3507089878
1496 -0.3469448948
1497 -0.3443564109
1555 -0.3417022809
1585 -0.3412221609
1606 -0.3404598631
1708 -0.3342557044
1846 -0.3335596536
2475 -0.3322127128
2991 -0.3309596092
3652 -0.3267532646
5007 -0.3182392422
100000 -0.3182392422
evaluations raw_y
1 -0.5425963596
5 -0.5425879744
72 -0.5353054920
86 -0.5247316538
98 -0.5137027910
102 -0.5031683904
108 -0.4971228608
116 -0.4970178207
205 -0.4906422789
209 -0.4878205135
212 -0.4804434962
213 -0.4754895076
268 -0.4676766897
290 -0.4658404506
354 -0.4591154134
380 -0.4473232586
426 -0.4365804827
449 -0.4318070952
507 -0.4300961997
611 -0.4254640001
641 -0.4250242709
649 -0.4193293518
826 -0.4186399351
874 -0.4174096449
890 -0.4109940232
899 -0.4103774410
911 -0.4089355324
918 -0.4020890299
976 -0.3986262712
1000 -0.3951467167
1046 -0.3941456763
1113 -0.3861492434
1116 -0.3830729410
1152 -0.3818014327
1191 -0.3804772290
1197 -0.3786742766
1204 -0.3760079932
1258 -0.3716428075
1434 -0.3698676307
1436 -0.3658145497
1606 -0.3596103910
1625 -0.3557257104
1657 -0.3554595705
2063 -0.3536881915
2159 -0.3458740124
2243 -0.3425486550
2340 -0.3418950899
2557 -0.3414149699
2579 -0.3407189191
2683 -0.3372786299
2836 -0.3365005383
3081 -0.3279865159
3483 -0.3279294531
3959 -0.3182090163
4021 -0.3116756131
82146 -0.3081513210
100000 -0.3081513210
evaluations raw_y
1 -0.5296482635
6 -0.5290783796
48 -0.5240803392
51 -0.5189219604
73 -0.5177140496
110 -0.5156012987
127 -0.5050783002
155 -0.5031218368
197 -0.5026417168
203 -0.5014114266
221 -0.4934917464
275 -0.4922993163
343 -0.4915370185
367 -0.4891729312
371 -0.4851198501
372 -0.4771234171
490 -0.4668950386
582 -0.4606063402
600 -0.4544761378
602 -0.4518220078
652 -0.4485717870
666 -0.4437602555
728 -0.4365398091
781 -0.4361918520
893 -0.4357772066
900 -0.4312633190
954 -0.4300017628
970 -0.4270562142
993 -0.4257954182
994 -0.4214434370
1027 -0.4152435443
1084 -0.4089554920
1085 -0.4082594412
1092 -0.4044690092
1121 -0.4018374789
1204 -0.3989189476
1234 -0.3939656851
1282 -0.3920946658
1295 -0.3902917134
1353 -0.3896334589
1464 -0.3750656351
1760 -0.3713000932
1840 -0.3664208384
1900 -0.3602561767
1934 -0.3553021881
2066 -0.3526853098
2871 -0.3514180489
2922 -0.3429040265
3155 -0.3368584969
3212 -0.3346533824
3348 -0.3319900068
3576 -0.3257858481
3657 -0.3255789386
3695 -0.3198764544
3696 -0.3190746134
4085 -0.3184580311
4169 -0.3178044660
4580 -0.3170263745
4738 -0.3166948004
7057 -0.3087154650
100000 -0.3087154650
evaluations raw_y
1 -0.4894263915
8 -0.4877441666
36 -0.4864236040
85 -0.4846522250
99 -0.4801078925
159 -0.4735744894
272 -0.4706412467
276 -0.4703096727
282 -0.4654981412
304 -0.4616345334
406 -0.4549361702
444 -0.4425008020
447 -0.4361231587
477 -0.4352992559
478 -0.4326092741
503 -0.4185250414
526 -0.4166173843
545 -0.4166089991
604 -0.4153474429
808 -0.4151801156
852 -0.4090833687
887 -0.4047075158
921 -0.3998066797
1050 -0.3919925005
1092 -0.3841548378
1159 -0.3799484932
1221 -0.3789394813
1245 -0.3754767226
1291 -0.3714236416
1353 -0.3699021032
1399 -0.3587563143
1444 -0.3507337677
1538 -0.3499927503
1755 -0.3465524611
1828 -0.3461127319
1967 -0.3448824418
2047 -0.3372032496
2182 -0.3269664571
3419 -0.3220124686
4118 -0.3150738212
4751 -0.3089787740
5713 -0.3066710235
6788 -0.3061909035
52976 -0.3026666114
100000 -0.3026666114
evaluations raw_y
1 -0.5121578576
34 -0.5090651505
51 -0.5041111620
60 -0.5035412780
67 -0.4944697324
77 -0.4838958942
95 -0.4804556051
96 -0.4723623190
131 -0.4682970541
145 -0.4655942988
148 -0.4583738524
163 -0.4515273498
170 -0.4491059669
182 -0.4353545577
284 -0.4299315154
295 -0.4226490329
319 -0.4179541054
324 -0.4149611237
334 -0.4136718330
341 -0.4056754000
342 -0.4037037489
373 -0.3983188702
491 -0.3978438469
571 -0.3936375023
644 -0.3888641147
659 -0.3880860232
718 -0.3772105511
727 -0.3754391721
751 -0.3731474719
794 -0.3727466579
894 -0.3680122653
970 -0.3636470796
1260 -0.3635206741
1312 -0.3622801405
1324 -0.3524725300
1385 -0.3485252227
1527 -0.3432055869
1646 -0.3423772753
1685 -0.3416362579
1871 -0.3409402071
1917 -0.3329608716
1949 -0.3325462263
2691 -0.3292208688
2834 -0.3251677878
2992 -0.3225793039
3359 -0.3210483275
4202 -0.3186857066
4282 -0.3148010260
4857 -0.3121468960
6368 -0.3115303138
100000 -0.3115303138
evaluations raw_y
1 -0.5262623277
67 -0.5256852949
78 -0.5195206331
82 -0.5181481699
93 -0.5151643704
104 -0.5129592560
129 -0.5075603140
148 -0.4986811197
168 -0.4905816885
184 -0.4890507121
209 -0.4857468734
321 -0.4779092106
357 -0.4727597330
390 -0.4703994028
408 -0.4666353099
410 -0.4640861234
433 -0.4626922707
480 -0.4600022889
482 -0.4553700893
533 -0.4553130265
538 -0.4491088678
564 -0.4484128170
605 -0.4471520210
678 -0.4457722279
728 -0.4397408205
846 -0.4336952910
889 -0.4244604036
930 -0.4210201144
952 -0.4168503125
973 -0.4068205963
1163 -0.4060795789
1175 -0.4017143932
1193 -0.3973701726
1340 -0.3947067970
1412 -0.3934662634
1501 -0.3871858233
1596 -0.3795066312
1663 -0.3791750572
1670 -0.3742742211
1709 -0.3734723801
1767 -0.3733459746
1848 -0.3685011199
1911 -0.3583240053
2166 -0.3583156202
2308 -0.3567940818
2329 -0.3532120037
2719 -0.3510700221
2938 -0.3457503863
3107 -0.3355135938
3190 -0.3336425745
3236 -0.3309884445
3376 -0.3212680077
3452 -0.3159088119
3703 -0.3146682783
3840 -0.3131832014
5034 -0.3125666191
5156 -0.3123597095
5201 -0.3066572254
100000 -0.3066572254
evaluations raw_y
1 -0.5124320140
20 -0.5031325587
57 -0.4979741799
73 -0.4958874491
76 -0.4936295192
81 -0.4897334931
107 -0.4879305406
113 -0.4830158502
123 -0.4820148098
132 -0.4751683073
156 -0.4745100527
160 -0.4645917542
161 -0.4623698737
191 -0.4621037339
229 -0.4586409752
241 -0.4505415440
323 -0.4456665377
375 -0.4430260118
388 -0.4412546328
417 -0.4405136154
432 -0.4395094831
471 -0.4347750905
514 -0.4342949705
597 -0.4302297056
747 -0.4165112991
766 -0.4149897608
804 -0.4137224998
965 -0.4080200157
1057 -0.4073239648
1178 -0.4016945184
1387 -0.3936980854
1515 -0.3882772544
1525 -0.3777034163
1600 -0.3697837361
1930 -0.3659874588
2019 -0.3553912450
2021 -0.3531294584
2282 -0.3438945710
2430 -0.3343746202
3610 -0.3241975056
3799 -0.3198323199
3991 -0.3107607743
4665 -0.3107523891
100000 -0.3107523891
evaluations raw_y
1 -0.5085643270
12 -0.5023290923
21 -0.4947520591
72 -0.4869378800
76 -0.4845775498
172 -0.4796460512
188 -0.4763050512
208 -0.4762966660
253 -0.4739325787
330 -0.4578416784
518 -0.4560387260
530 -0.4546917853
564 -0.4506387042
595 -0.4388465494
608 -0.4355436688
653 -0.4315937803
688 -0.4281534911
706 -0.4278055340
826 -0.4265524304
883 -0.4246447733
896 -0.4211577158
897 -0.4157346735
1079 -0.4147256616
1088 -0.4121764752
1098 -0.4044972831
1152 -0.4015043014
1194 -0.3909304632
1283 -0.3897001731
1349 -0.3789573971
1657 -0.3744214498
1720 -0.3736196088
1817 -0.3713578222
1881 -0.3707078346
1943 -0.3701780919
2198 -0.3678986435
2290 -0.3613652404
2340 -0.3613568552
2567 -0.3610643112
2695 -0.3607402730
2982 -0.3600442222
3173 -0.3580748810
3175 -0.3491956866
3392 -0.3464929312
3631 -0.3457306335
3755 -0.3384481510
4326 -0.3340829653
5132 -0.3330819249
7082 -0.3269868777
7738 -0.3260699418
8200 -0.3258630322
8606 -0.3253829122
8836 -0.3214982317
100000 -0.3214982317
evaluations raw_y
1 -0.5623596320
16 -0.5574063695
21 -0.5493069384
27 -0.5470274900
33 -0.5364807342
65 -0.5300291029
134 -0.5230878895
153 -0.5205387031
178 -0.5148437840
240 -0.5091457449
255 -0.5041575485
287 -0.4963086137
330 -0.4854135488
416 -0.4846354572
477 -0.4816516577
478 -0.4711629756
491 -0.4685744917
530 -0.4671946986
534 -0.4574814417
564 -0.4551544642
598 -0.4489898024
641 -0.4410701222
662 -0.4377291222
739 -0.4371993795
771 -0.4349191560
791 -0.4260303472
792 -0.4242062070
825 -0.4204926608
828 -0.4196301498
1095 -0.4119509577
1098 -0.4084881990
1195 -0.4062287394
1280 -0.4035746094
1297 -0.3946954150
1412 -0.3806111822
1430 -0.3791371877
1536 -0.3689003952
1745 -0.3680985541
1801 -0.3679063727
1819 -0.3599099398
1828 -0.3501895030
1917 -0.3456005616
2201 -0.3449045108
2274 -0.3363904883
2440 -0.3288695147
2518 -0.3276022537
2737 -0.3268004127
2762 -0.3220660201
100000 -0.3220660201
evaluations raw_y
1 -0.5255955036
2 -0.4850467920
8 -0.4781770583
10 -0.4709531006
12 -0.4280072331
33 -0.4241274199
39 -0.4236420473
42 -0.4232274020
50 -0.4229055201
51 -0.4187971927
53 -0.4183138326
65 -0.4132121196
67 -0.4088384958
104 -0.4037367829
151 -0.4035694555
165 -0.4029586913
175 -0.4027913639
306 -0.3966963167
346 -0.3926310518
414 -0.3876770633
425 -0.3861460868
570 -0.3799419281
643 -0.3775793072
772 -0.3765945903
786 -0.3710688782
814 -0.3702670372
855 -0.3685561417
921 -0.3634066641
939 -0.3588927764
985 -0.3565286891
1033 -0.3515754266
1142 -0.3498040476
1155 -0.3441015634
1157 -0.3439652853
1160 -0.3421939063
1217 -0.3381408252
1609 -0.3314955000
1784 -0.3310153800
1927 -0.3302743626
1994 -0.3300821812
2056 -0.3294655990
2337 -0.3188917608
2501 -0.3188833757
2772 -0.3176909456
3996 -0.3166899052
8224 -0.3139955611
100000 -0.3141877425
evaluations raw_y
1 -0.5042901979
2 -0.4914822958
9 -0.4497917707
18 -0.4406966967
30 -0.4337594193
32 -0.4324882447
36 -0.4249391800
40 -0.4128742481
45 -0.4109881717
53 -0.4101863307
57 -0.4063576896
80 -0.4055558486
89 -0.4036549343
93 -0.4028530932
103 -0.3997050457
115 -0.3989032047
158 -0.3976424087
177 -0.3876398597
220 -0.3832746739
239 -0.3825545397
334 -0.3767551324
495 -0.3750527169
498 -0.3744756840
500 -0.3739169008
600 -0.3724749923
660 -0.3679042049
664 -0.3629906356
798 -0.3527748170
885 -0.3520337996
949 -0.3517822609
1102 -0.3505898307
1361 -0.3493595406
1496 -0.3455954476
1597 -0.3453885380
1606 -0.3448331498
1611 -0.3446262403
1846 -0.3439301894
1861 -0.3378351422
2027 -0.3343576509
2218 -0.3304729703
2438 -0.3297835536
2461 -0.3294519796
3211 -0.3267978496
3376 -0.3261442845
4464 -0.3256641645
4589 -0.3191307613
100000 -0.3191307613
evaluations raw_y
1 -0.5425963596
3 -0.5192108706
5 -0.4967667746
22 -0.4962866546
26 -0.4830535957
32 -0.4709234074
37 -0.4677789848
40 -0.4563187106
56 -0.4460726614
59 -0.4455925414
86 -0.4350187033
98 -0.4299561760
108 -0.4239106464
142 -0.4216311980
160 -0.4207032031
212 -0.4134533942
217 -0.4096571169
268 -0.4018442990
276 -0.3997023174
354 -0.3933821658
523 -0.3930581275
537 -0.3925831042
630 -0.3823482177
641 -0.3808742232
826 -0.3801848065
899 -0.3795682242
1000 -0.3760886697
1082 -0.3709391920
1113 -0.3642408288
1204 -0.3565616367
1258 -0.3521964509
1625 -0.3483117704
1652 -0.3437978828
1654 -0.3430568654
1973 -0.3422945677
2159 -0.3386249709
2579 -0.3379289201
2683 -0.3344886309
3013 -0.3319001470
3081 -0.3233861246
3468 -0.3221253286
3571 -0.3194711985
4021 -0.3129377954
4843 -0.3091737024
100000 -0.3091737024
evaluations raw_y
1 -0.5296482635
3 -0.5134678964
4 -0.4799819160
6 -0.4470892690
19 -0.4373442483
26 -0.4277079447
54 -0.4230774626
61 -0.4214198924
73 -0.4145672371
127 -0.4102020514
244 -0.4098540943
259 -0.4078824433
372 -0.3998860103
450 -0.3977440287
473 -0.3951555448
490 -0.3933841658
596 -0.3872195041
602 -0.3845653740
609 -0.3817737627
620 -0.3771432806
628 -0.3767513804
631 -0.3721208983
652 -0.3688706775
666 -0.3640591460
682 -0.3627876377
698 -0.3620466204
893 -0.3585838617
900 -0.3540699741
970 -0.3518512155
973 -0.3518207097
978 -0.3505904195
1085 -0.3498943687
1092 -0.3467999876
1096 -0.3461039367
1288 -0.3388214543
1363 -0.3388130691
1416 -0.3381595041
1465 -0.3335600848
1527 -0.3330303421
1717 -0.3320293017
1840 -0.3316772601
1934 -0.3267232715
2240 -0.3261533876
2871 -0.3237930574
2922 -0.3152790350
3010 -0.3063998406
4085 -0.3057832584
4580 -0.3050051668
4738 -0.3046735927
100000 -0.3046735927
evaluations raw_y
1 -0.4894263915
5 -0.4476231584
25 -0.4398042305
33 -0.4351727862
42 -0.4343955170
48 -0.4289246401
53 -0.4167608027
66 -0.4145640734
73 -0.4145556882
85 -0.4127843092
272 -0.4098510665
276 -0.4095194925
326 -0.4046746379
406 -0.3979762746
447 -0.3915986313
477 -0.3907747285
537 -0.3906913986
571 -0.3874411778
808 -0.3872738505
852 -0.3811771035
921 -0.3762762674
954 -0.3711178886
1004 -0.3704643236
1159 -0.3662579790
1221 -0.3652489671
1244 -0.3644931224
1255 -0.3585967419
1291 -0.3545436608
1310 -0.3495903983
1354 -0.3476827412
1444 -0.3396601946
1538 -0.3389191773
1828 -0.3384794480
1967 -0.3372491579
2047 -0.3295699657
2182 -0.3193331732
2463 -0.3176509483
2984 -0.3164104146
3830 -0.3157938324
4118 -0.3088551850
4751 -0.3027601378
5713 -0.3004523874
6788 -0.2999722674
100000 -0.2999722674
evaluations raw_y
1 -0.5121578576
2 -0.4810757075
8 -0.4646777628
14 -0.4537084873
22 -0.4432303992
33 -0.4364417652
36 -0.4319489892
42 -0.4269278645
48 -0.4223381950
55 -0.4158317042
59 -0.4124977243
66 -0.4121558952
95 -0.4087156060
131 -0.4046503411
145 -0.3952448266
152 -0.3911795617
160 -0.3885132784
170 -0.3860918955
197 -0.3741011413
216 -0.3694706592
295 -0.3621881768
319 -0.3574932492
334 -0.3552713687
571 -0.3517918142
749 -0.3463636266
751 -0.3440719264
761 -0.3366431898
948 -0.3317116912
1276 -0.3294039408
1301 -0.3245590861
1485 -0.3221987559
1805 -0.3184346630
1917 -0.3104553275
2460 -0.3055544914
2989 -0.3055461063
11091 -0.3042201084
100000 -0.3042201084
evaluations raw_y
1 -0.5262623277
2 -0.4907817175
6 -0.4834055541
9 -0.4789697138
16 -0.4699381396
24 -0.4680964427
25 -0.4630352589
36 -0.4592148885
38 -0.4546709619
39 -0.4533697162
41 -0.4501449448
45 -0.4458047582
46 -0.4451829536
52 -0.4322034703
63 -0.4302341291
64 -0.4267938399
70 -0.4242446535
78 -0.4206291782
88 -0.4180799918
148 -0.4142163839
152 -0.4097024963
172 -0.4092223763
180 -0.4075114808
222 -0.4049229969
230 -0.4048709549
234 -0.4022824710
295 -0.4004795186
317 -0.3972965900
335 -0.3947345148
408 -0.3941002702
495 -0.3875750000
580 -0.3836243815
605 -0.3823635855
709 -0.3750811030
728 -0.3671614229
846 -0.3611158933
878 -0.3557310145
1056 -0.3501856853
1123 -0.3452316967
1145 -0.3451052912
1412 -0.3438647576
1501 -0.3413255442
1506 -0.3400850105
1596 -0.3324058184
1619 -0.3320639893
1626 -0.3294098593
1650 -0.3275736201
1663 -0.3272420461
1708 -0.3266254638
1848 -0.3217806092
2084 -0.3170072216
2480 -0.3160061813
3382 -0.3152280897
3806 -0.3099084539
8735 -0.3038445467
8738 -0.3023705522
100000 -0.3023705522
evaluations raw_y
1 -0.5124320140
2 -0.5006987915
3 -0.4868594720
4 -0.4735264995
9 -0.4524944437
15 -0.4488723011
16 -0.4433623969
17 -0.4339675551
18 -0.4260371794
33 -0.4245717412
36 -0.4205714921
43 -0.4139750468
51 -0.4084762345
61 -0.4030014427
63 -0.3996650761
65 -0.3993614026
73 -0.3981006066
76 -0.3968600730
114 -0.3939268303
180 -0.3909636925
186 -0.3880304498
191 -0.3877643100
194 -0.3836900378
208 -0.3834238979
210 -0.3777936573
301 -0.3775867478
323 -0.3746203211
422 -0.3661062987
514 -0.3656261787
622 -0.3644197643
624 -0.3559057419
709 -0.3521153099
738 -0.3514987276
766 -0.3499771892
928 -0.3476694388
965 -0.3419669546
1132 -0.3413970707
1155 -0.3382926809
1162 -0.3370318849
1165 -0.3306134888
1172 -0.3293526928
1603 -0.3289722034
1872 -0.3228075417
2019 -0.3163559103
2205 -0.3141507959
2808 -0.3103867029
3610 -0.3002095883
4137 -0.3000831828
4665 -0.3000747977
5612 -0.2947551619
100000 -0.2947551619
evaluations raw_y
1 -0.5085643270
2 -0.4892990793
9 -0.4760584238
18 -0.4632934439
25 -0.4585315598
26 -0.4506250658
45 -0.4479448034
56 -0.4453526357
61 -0.4449518217
62 -0.4445120925
72 -0.4408424958
176 -0.4385347453
280 -0.4318363821
290 -0.4265167463
330 -0.4192669373
344 -0.4166984492
361 -0.4101731789
410 -0.4098416049
500 -0.4092073603
595 -0.3974152055
653 -0.3934653169
688 -0.3900250277
789 -0.3857032962
820 -0.3821212181
883 -0.3759565564
939 -0.3724770018
1003 -0.3724686167
1074 -0.3694896878
1079 -0.3684806760
1098 -0.3637804127
1107 -0.3608014839
1143 -0.3558474953
1196 -0.3513336077
1215 -0.3500930741
1283 -0.3488627839
1349 -0.3467760531
1582 -0.3467189903
1657 -0.3376558298
1670 -0.3376474447
1732 -0.3366464043
1878 -0.3348750253
1881 -0.3342250378
2210 -0.3312412383
2319 -0.3309172000
2548 -0.3282630700
2567 -0.3279705260
2570 -0.3276464877
3173 -0.3256771465
3631 -0.3249148488
3755 -0.3176323663
7082 -0.3115373190
7738 -0.3085890619
8606 -0.3081089419
100000 -0.3081089419
evaluations raw_y
1 -0.5623596320
2 -0.5316015838
4 -0.5061853052
5 -0.4882414458
13 -0.4811719659
16 -0.4741388053
30 -0.4644911143
49 -0.4587396731
54 -0.4537284492
58 -0.4523486561
65 -0.4439451000
73 -0.4425653070
78 -0.4425159202
124 -0.4362278679
134 -0.4315342013
156 -0.4300887152
230 -0.4227160741
287 -0.4200526985
385 -0.4161020801
416 -0.4153239885
417 -0.4103995959
445 -0.4085285766
470 -0.4036837220
477 -0.4031632248
478 -0.4026747101
491 -0.3969570729
504 -0.3961128613
587 -0.3907536655
628 -0.3888486781
654 -0.3865692296
677 -0.3836348169
678 -0.3835854301
680 -0.3785898942
688 -0.3684127796
695 -0.3682454523
702 -0.3652616527
720 -0.3640008567
763 -0.3559783102
768 -0.3556467361
791 -0.3460600117
793 -0.3457284376
847 -0.3453866085
894 -0.3446085169
922 -0.3430869785
1080 -0.3424703963
1098 -0.3390076376
1187 -0.3357574168
1272 -0.3304485408
1430 -0.3300088116
1456 -0.3287785214
1745 -0.3279766804
1827 -0.3226570446
1828 -0.3182562436
2076 -0.3179322053
2084 -0.3166080016
2201 -0.3159119508
2260 -0.3154318308
2291 -0.3153747680
2435 -0.3100551321
2440 -0.3025341585
2485 -0.3025257733
2809 -0.2992004159
3026 -0.2985468508
100000 -0.2985468508
evaluations raw_y
1 -0.5255955036
2 -0.4850467920
8 -0.4781770583
10 -0.4709531006
12 -0.4280072331
33 -0.4241274199
39 -0.4236420473
42 -0.4232274020
50 -0.4229055201
51 -0.4187971927
53 -0.4183138326
65 -0.4132121196
67 -0.4088384958
104 -0.4037367829
151 -0.4035694555
165 -0.4029586913
175 -0.4027913639
306 -0.3966963167
346 -0.3926310518
414 -0.3876770633
425 -0.3861460868
570 -0.3799419281
643 -0.3775793072
772 -0.3765945903
786 -0.3710688782
814 -0.3702670372
855 -0.3685561417
921 -0.3634066641
939 -0.3588927764
985 -0.3565286891
1033 -0.3515754266
1142 -0.3498040476
1155 -0.3441015634
1157 -0.3439652853
1160 -0.3421939063
1217 -0.3381408252
1609 -0.3314955000
1784 -0.3310153800
1927 -0.3302743626
1994 -0.3300821812
2056 -0.3294655990
2337 -0.3188917608
2501 -0.3188833757
2772 -0.3176909456
3996 -0.3166899052
8224 -0.3139955611
100000 -0.3141877425
evaluations raw_y
1 -0.5042901979
2 -0.4914822958
9 -0.4497917707
18 -0.4406966967
30 -0.4337594193
32 -0.4324882447
36 -0.4249391800
40 -0.4128742481
45 -0.4109881717
53 -0.4101863307
57 -0.4063576896
80 -0.4055558486
89 -0.4036549343
93 -0.4028530932
103 -0.3997050457
115 -0.3989032047
158 -0.3976424087
177 -0.3876398597
220 -0.3832746739
239 -0.3825545397
334 -0.3767551324
495 -0.3750527169
498 -0.3744756840
500 -0.3739169008
600 -0.3724749923
660 -0.3679042049
664 -0.3629906356
798 -0.3527748170
885 -0.3520337996
949 -0.3517822609
1102 -0.3505898307
1361 -0.3493595406
1496 -0.3455954476
1597 -0.3453885380
1606 -0.3448331498
1611 -0.3446262403
1846 -0.3439301894
1861 -0.3378351422
2027 -0.3343576509
2218 -0.3304729703
2438 -0.3297835536
2461 -0.3294519796
3211 -0.3267978496
3376 -0.3261442845
4464 -0.3256641645
4589 -0.3191307613
100000 -0.3191307613
evaluations raw_y
1 -0.5425963596
3 -0.5192108706
5 -0.4967667746
22 -0.4962866546
26 -0.4830535957
32 -0.4709234074
37 -0.4677789848
40 -0.4563187106
56 -0.4460726614
59 -0.4455925414
86 -0.4350187033
98 -0.4299561760
108 -0.4239106464
142 -0.4216311980
160 -0.4207032031
212 -0.4134533942
217 -0.4096571169
268 -0.4018442990
276 -0.3997023174
354 -0.3933821658
523 -0.3930581275
537 -0.3925831042
630 -0.3823482177
641 -0.3808742232
826 -0.3801848065
899 -0.3795682242
1000 -0.3760886697
1082 -0.3709391920
1113 -0.3642408288
1204 -0.3565616367
1258 -0.3521964509
1625 -0.3483117704
1652 -0.3437978828
1654 -0.3430568654
1973 -0.3422945677
2159 -0.3386249709
2579 -0.3379289201
2683 -0.3344886309
3013 -0.3319001470
3081 -0.3233861246
3468 -0.3221253286
3571 -0.3194711985
4021 -0.3129377954
4843 -0.3091737024
100000 -0.3091737024
evaluations raw_y
1 -0.5296482635
3 -0.5134678964
4 -0.4799819160
6 -0.4470892690
19 -0.4373442483
26 -0.4277079447
54 -0.4230774626
61 -0.4214198924
73 -0.4145672371
127 -0.4102020514
244 -0.4098540943
259 -0.4078824433
372 -0.3998860103
450 -0.3977440287
473 -0.3951555448
490 -0.3933841658
596 -0.3872195041
602 -0.3845653740
609 -0.3817737627
620 -0.3771432806
628 -0.3767513804
631 -0.3721208983
652 -0.3688706775
666 -0.3640591460
682 -0.3627876377
698 -0.3620466204
893 -0.3585838617
900 -0.3540699741
970 -0.3518512155
973 -0.3518207097
978 -0.3505904195
1085 -0.3498943687
1092 -0.3467999876
1096 -0.3461039367
1288 -0.3388214543
1363 -0.3388130691
1416 -0.3381595041
1465 -0.3335600848
1527 -0.3330303421
1717 -0.3320293017
1840 -0.3316772601
1934 -0.3267232715
2240 -0.3261533876
2871 -0.3237930574
2922 -0.3152790350
3010 -0.3063998406
4085 -0.3057832584
4580 -0.3050051668
4738 -0.3046735927
100000 -0.3046735927
evaluations raw_y
1 -0.4894263915
5 -0.4476231584
25 -0.4398042305
33 -0.4351727862
42 -0.4343955170
48 -0.4289246401
53 -0.4167608027
66 -0.4145640734
73 -0.4145556882
85 -0.4127843092
272 -0.4098510665
276 -0.4095194925
326 -0.4046746379
406 -0.3979762746
447 -0.3915986313
477 -0.3907747285
537 -0.3906913986
571 -0.3874411778
808 -0.3872738505
852 -0.3811771035
921 -0.3762762674
954 -0.3711178886
1004 -0.3704643236
1159 -0.3662579790
1221 -0.3652489671
1244 -0.3644931224
1255 -0.3585967419
1291 -0.3545436608
1310 -0.3495903983
1354 -0.3476827412
1444 -0.3396601946
1538 -0.3389191773
1828 -0.3384794480
1967 -0.3372491579
2047 -0.3295699657
2182 -0.3193331732
2463 -0.3176509483
2984 -0.3164104146
3830 -0.3157938324
4118 -0.3088551850
4751 -0.3027601378
5713 -0.3004523874
6788 -0.2999722674
100000 -0.2999722674
evaluations raw_y
1 -0.5121578576
2 -0.4810757075
8 -0.4646777628
14 -0.4537084873
22 -0.4432303992
33 -0.4364417652
36 -0.4319489892
42 -0.4269278645
48 -0.4223381950
55 -0.4158317042
59 -0.4124977243
66 -0.4121558952
95 -0.4087156060
131 -0.4046503411
145 -0.3952448266
152 -0.3911795617
160 -0.3885132784
170 -0.3860918955
197 -0.3741011413
216 -0.3694706592
295 -0.3621881768
319 -0.3574932492
334 -0.3552713687
571 -0.3517918142
749 -0.3463636266
751 -0.3440719264
761 -0.3366431898
948 -0.3317116912
1276 -0.3294039408
1301 -0.3245590861
1485 -0.3221987559
1805 -0.3184346630
1917 -0.3104553275
2460 -0.3055544914
2989 -0.3055461063
11091 -0.3042201084
100000 -0.3042201084
evaluations raw_y
1 -0.5262623277
2 -0.4907817175
6 -0.4834055541
9 -0.4789697138
16 -0.4699381396
24 -0.4680964427
25 -0.4630352589
36 -0.4592148885
38 -0.4546709619
39 -0.4533697162
41 -0.4501449448
45 -0.4458047582
46 -0.4451829536
52 -0.4322034703
63 -0.4302341291
64 -0.4267938399
70 -0.4242446535
78 -0.4206291782
88 -0.4180799918
148 -0.4142163839
152 -0.4097024963
172 -0.4092223763
180 -0.4075114808
222 -0.4049229969
230 -0.4048709549
234 -0.4022824710
295 -0.4004795186
317 -0.3972965900
335 -0.3947345148
408 -0.3941002702
495 -0.3875750000
580 -0.3836243815
605 -0.3823635855
709 -0.3750811030
728 -0.3671614229
846 -0.3611158933
878 -0.3557310145
1056 -0.3501856853
1123 -0.3452316967
1145 -0.3451052912
1412 -0.3438647576
1501 -0.3413255442
1506 -0.3400850105
1596 -0.3324058184
1619 -0.3320639893
1626 -0.3294098593
1650 -0.3275736201
1663 -0.3272420461
1708 -0.3266254638
1848 -0.3217806092
2084 -0.3170072216
2480 -0.3160061813
3382 -0.3152280897
3806 -0.3099084539
8735 -0.3038445467
8738 -0.3023705522
100000 -0.3023705522
evaluations raw_y
1 -0.5124320140
2 -0.5006987915
3 -0.4868594720
4 -0.4735264995
9 -0.4524944437
15 -0.4488723011
16 -0.4433623969
17 -0.4339675551
18 -0.4260371794
33 -0.4245717412
36 -0.4205714921
43 -0.4139750468
51 -0.4084762345
61 -0.4030014427
63 -0.3996650761
65 -0.3993614026
73 -0.3981006066
76 -0.3968600730
114 -0.3939268303
180 -0.3909636925
186 -0.3880304498
191 -0.3877643100
194 -0.3836900378
208 -0.3834238979
210 -0.3777936573
301 -0.3775867478
323 -0.3746203211
422 -0.3661062987
514 -0.3656261787
622 -0.3644197643
624 -0.3559057419
709 -0.3521153099
738 -0.3514987276
766 -0.3499771892
928 -0.3476694388
965 -0.3419669546
1132 -0.3413970707
1155 -0.3382926809
1162 -0.3370318849
1165 -0.3306134888
1172 -0.3293526928
1603 -0.3289722034
1872 -0.3228075417
2019 -0.3163559103
2205 -0.3141507959
2808 -0.3103867029
3610 -0.3002095883
4137 -0.3000831828
4665 -0.3000747977
5612 -0.2947551619
100000 -0.2947551619
evaluations raw_y
1 -0.5085643270
2 -0.4892990793
9 -0.4760584238
18 -0.4632934439
25 -0.4585315598
26 -0.4506250658
45 -0.4479448034
56 -0.4453526357
61 -0.4449518217
62 -0.4445120925
72 -0.4408424958
176 -0.4385347453
280 -0.4318363821
290 -0.4265167463
330 -0.4192669373
344 -0.4166984492
361 -0.4101731789
410 -0.4098416049
500 -0.4092073603
595 -0.3974152055
653 -0.3934653169
688 -0.3900250277
789 -0.3857032962
820 -0.3821212181
883 -0.3759565564
939 -0.3724770018
1003 -0.3724686167
1074 -0.3694896878
1079 -0.3684806760
1098 -0.3637804127
1107 -0.3608014839
1143 -0.3558474953
1196 -0.3513336077
1215 -0.3500930741
1283 -0.3488627839
1349 -0.3467760531
1582 -0.3467189903
1657 -0.3376558298
1670 -0.3376474447
1732 -0.3366464043
1878 -0.3348750253
1881 -0.3342250378
2210 -0.3312412383
2319 -0.3309172000
2548 -0.3282630700
2567 -0.3279705260
2570 -0.3276464877
3173 -0.3256771465
3631 -0.3249148488
3755 -0.3176323663
7082 -0.3115373190
7738 -0.3085890619
8606 -0.3081089419
100000 -0.3081089419
evaluations raw_y
1 -0.5623596320
2 -0.5316015838
4 -0.5061853052
5 -0.4882414458
13 -0.4811719659
16 -0.4741388053
30 -0.4644911143
49 -0.4587396731
54 -0.4537284492
58 -0.4523486561
65 -0.4439451000
73 -0.4425653070
78 -0.4425159202
124 -0.4362278679
134 -0.4315342013
156 -0.4300887152
230 -0.4227160741
287 -0.4200526985
385 -0.4161020801
416 -0.4153239885
417 -0.4103995959
445 -0.4085285766
470 -0.4036837220
477 -0.4031632248
478 -0.4026747101
491 -0.3969570729
504 -0.3961128613
587 -0.3907536655
628 -0.3888486781
654 -0.3865692296
677 -0.3836348169
678 -0.3835854301
680 -0.3785898942
688 -0.3684127796
695 -0.3682454523
702 -0.3652616527
720 -0.3640008567
763 -0.3559783102
768 -0.3556467361
791 -0.3460600117
793 -0.3457284376
847 -0.3453866085
894 -0.3446085169
922 -0.3430869785
1080 -0.3424703963
1098 -0.3390076376
1187 -0.3357574168
1272 -0.3304485408
1430 -0.3300088116
1456 -0.3287785214
1745 -0.3279766804
1827 -0.3226570446
1828 -0.3182562436
2076 -0.3179322053
2084 -0.3166080016
2201 -0.3159119508
2260 -0.3154318308
2291 -0.3153747680
2435 -0.3100551321
2440 -0.3025341585
2485 -0.3025257733
2809 -0.2992004159
3026 -0.2985468508
100000 -0.2985468508
evaluations raw_y
1 -0.5255955036
2 -0.4881076654
4 -0.4844057293
11 -0.4829513746
16 -0.4537530575
30 -0.4519912328
63 -0.4378183519
96 -0.4335626401
110 -0.4273636025
138 -0.4268970974
159 -0.4122493089
221 -0.3953514210
262 -0.3920576233
293 -0.3719014210
294 -0.3674230103
371 -0.3583606879
418 -0.3551815464
456 -0.3528631196
470 -0.3509613992
527 -0.3484478423
557 -0.3481035733
563 -0.3478680954
598 -0.3470317854
606 -0.3405087984
625 -0.3403414711
654 -0.3399637925
671 -0.3381396523
814 -0.3373378113
855 -0.3348894315
878 -0.3340875905
970 -0.3340611199
974 -0.3328573003
1010 -0.3328308297
1030 -0.3320289887
1260 -0.3316871596
1264 -0.3271281526
1335 -0.3267863235
1409 -0.3203346921
1486 -0.3181295777
1927 -0.3173885603
2000 -0.3162585584
2029 -0.3155175411
2072 -0.3148675536
2360 -0.3136067575
2501 -0.3135983724
3903 -0.3098342794
5632 -0.3097078740
5835 -0.3043882382
6955 -0.3032471795
6962 -0.2982931909
7003 -0.2978130709
100000 -0.2978130709
evaluations raw_y
1 -0.5042901979
2 -0.4840112610
9 -0.4692690060
26 -0.4621168588
31 -0.4601959681
39 -0.4479753117
81 -0.4333640056
122 -0.4311184934
157 -0.4157462449
222 -0.4053795404
261 -0.4014713658
284 -0.3814016374
326 -0.3805718271
366 -0.3762295304
372 -0.3729866909
434 -0.3701801072
470 -0.3640346733
499 -0.3591716407
520 -0.3569005774
579 -0.3549851823
590 -0.3522594730
653 -0.3510189393
700 -0.3504890395
743 -0.3504806544
789 -0.3484183074
807 -0.3471777738
935 -0.3459246702
1255 -0.3441217178
1497 -0.3384040806
1533 -0.3343509995
1757 -0.3337811155
1846 -0.3330850647
1911 -0.3299615582
1922 -0.3292655073
2080 -0.3285032096
2271 -0.3267923141
2408 -0.3261757318
3043 -0.3251746914
3172 -0.3247600461
5007 -0.3162460236
5479 -0.3155795472
9870 -0.3145705354
10365 -0.3133402452
100000 -0.3133402452
evaluations raw_y
1 -0.5425963596
2 -0.5320629287
3 -0.5201172831
5 -0.5182175459
6 -0.5134054385
7 -0.4866223441
18 -0.4860916000
21 -0.4571802292
44 -0.4459108864
72 -0.4453881831
74 -0.4449602974
128 -0.4351226601
156 -0.4244411489
178 -0.4049985679
257 -0.3957444777
263 -0.3956772977
303 -0.3893914262
339 -0.3886370737
347 -0.3769411539
367 -0.3718261235
462 -0.3698127800
468 -0.3669547705
483 -0.3649808581
490 -0.3634654787
494 -0.3603304840
495 -0.3571075031
538 -0.3569227197
548 -0.3476816070
577 -0.3470594487
583 -0.3443177126
590 -0.3435396226
637 -0.3430595285
646 -0.3427933886
662 -0.3423230506
675 -0.3406428802
684 -0.3403738539
689 -0.3403208892
707 -0.3397231753
737 -0.3384512832
740 -0.3369046582
767 -0.3355236323
792 -0.3332020293
824 -0.3306280887
857 -0.3296777372
882 -0.3293461632
883 -0.3287949344
885 -0.3277569112
919 -0.3274253372
947 -0.3251027812
976 -0.3242941525
1003 -0.3216400225
1063 -0.3213084485
1577 -0.3201160184
1681 -0.3194994361
1745 -0.3171916856
2021 -0.3170652802
2130 -0.3159613955
2143 -0.3158349900
2167 -0.3144019046
2210 -0.3131716144
2641 -0.3116976198
3124 -0.3109566025
3468 -0.3096958065
4979 -0.3088939655
5431 -0.3088369027
7357 -0.3035172668
46844 -0.3028883770
100000 -0.3028883770
evaluations raw_y
1 -0.5296482635
4 -0.4728184739
15 -0.4720714778
17 -0.4702121156
21 -0.4604365901
45 -0.4442933017
81 -0.4381629932
126 -0.4368226301
154 -0.4225387842
176 -0.4223109672
182 -0.4150778180
214 -0.4085171193
222 -0.4025256091
255 -0.4005643390
264 -0.3860868146
309 -0.3834011687
314 -0.3715395750
365 -0.3690839811
393 -0.3661467001
398 -0.3631536824
416 -0.3587656008
447 -0.3580393332
470 -0.3522218872
494 -0.3513744967
556 -0.3461240569
572 -0.3410972828
637 -0.3406826374
666 -0.3405589978
733 -0.3401443525
786 -0.3394907874
796 -0.3382866431
806 -0.3362644977
826 -0.3326862045
843 -0.3321479195
891 -0.3314943544
1018 -0.3302640642
1353 -0.3268237751
1481 -0.3267667122
1863 -0.3255742821
1917 -0.3255658970
1928 -0.3241041971
1937 -0.3229201521
2010 -0.3229117670
2102 -0.3167471052
2554 -0.3141155749
2605 -0.3136354549
3348 -0.3109720793
3696 -0.3101702383
5424 -0.3084593428
6238 -0.3074583024
100000 -0.3074583024
evaluations raw_y
1 -0.4894263915
3 -0.4758900127
5 -0.4684378857
31 -0.4511818358
60 -0.4511180091
82 -0.4437924666
94 -0.4403840702
96 -0.4254852536
114 -0.4115045120
142 -0.4103642099
157 -0.3898716754
235 -0.3852898557
268 -0.3734990272
289 -0.3728138918
339 -0.3497765067
382 -0.3370910016
445 -0.3358879874
449 -0.3349772941
494 -0.3342747384
526 -0.3302235122
545 -0.3248164547
605 -0.3240754373
613 -0.3187246267
624 -0.3182048481
668 -0.3174554456
825 -0.3136358882
1004 -0.3131581532
1009 -0.3093385958
1244 -0.3081461657
1726 -0.3073680741
1897 -0.3065752286
1933 -0.3050603236
1964 -0.3042674782
2187 -0.3037873582
2414 -0.3027459398
2436 -0.3022658198
86354 -0.3004271349
100000 -0.3004271349
evaluations raw_y
1 -0.5121578576
2 -0.4757021489
18 -0.4667268336
26 -0.4471366868
141 -0.4306459669
183 -0.4197440491
236 -0.3986266385
282 -0.3959659869
302 -0.3958419770
321 -0.3887368609
390 -0.3873570679
415 -0.3855579020
449 -0.3851945509
463 -0.3843562369
468 -0.3842211040
475 -0.3776573791
512 -0.3761358407
514 -0.3738847634
528 -0.3735147105
542 -0.3719192128
563 -0.3688476118
575 -0.3657040179
583 -0.3621987760
622 -0.3618672020
701 -0.3612973180
729 -0.3611508148
769 -0.3608192407
779 -0.3549861530
827 -0.3546545790
849 -0.3540846950
991 -0.3422925402
1083 -0.3414906992
1106 -0.3404895878
1148 -0.3396877468
1351 -0.3374826324
1451 -0.3362902022
1805 -0.3325261093
1917 -0.3276511029
2233 -0.3257800837
2700 -0.3169008893
2989 -0.3168925042
3009 -0.3164207693
3027 -0.3164123841
3414 -0.3097670589
4364 -0.3087660185
4634 -0.2992460677
75459 -0.2962978106
100000 -0.2962978106
evaluations raw_y
1 -0.5262623277
2 -0.5054392109
5 -0.4821428943
9 -0.4800050552
17 -0.4758339141
36 -0.4675824725
46 -0.4418832785
114 -0.4350877104
119 -0.4327650756
132 -0.4287982411
164 -0.4232844387
168 -0.4189994005
203 -0.4073564768
210 -0.4072967597
214 -0.4069342825
254 -0.3942463185
333 -0.3917806126
341 -0.3826072851
355 -0.3809061891
395 -0.3740962993
428 -0.3727703174
448 -0.3689878120
453 -0.3626722068
490 -0.3614062516
511 -0.3594891425
526 -0.3499740332
541 -0.3482898591
613 -0.3455941674
629 -0.3434533895
656 -0.3434450044
691 -0.3370206691
729 -0.3354485714
758 -0.3348870726
775 -0.3348786875
781 -0.3344450868
790 -0.3310987075
858 -0.3309313802
1171 -0.3267231557
1241 -0.3244154053
1372 -0.3227045098
1706 -0.3213803060
2065 -0.3209001860
2252 -0.3185398559
2308 -0.3170183175
2467 -0.3118945306
2494 -0.3103729922
2928 -0.3085700398
3313 -0.3075689995
3424 -0.3042436420
4707 -0.3036270598
74047 -0.3028411374
100000 -0.3028411374
evaluations raw_y
1 -0.5124320140
2 -0.4986665851
3 -0.4925942322
4 -0.4643293591
22 -0.4505636528
24 -0.4169639134
164 -0.4070908254
194 -0.3987678648
212 -0.3984052559
218 -0.3919198385
248 -0.3917169671
259 -0.3912446761
274 -0.3880352045
357 -0.3776476018
382 -0.3775905389
395 -0.3749928567
410 -0.3724959055
417 -0.3724811731
419 -0.3589427912
484 -0.3568487763
561 -0.3567917135
573 -0.3551064437
586 -0.3546096517
592 -0.3539769122
604 -0.3527386324
616 -0.3512170941
872 -0.3508752650
1170 -0.3502586827
1178 -0.3498662531
1191 -0.3492496708
1316 -0.3420534352
1327 -0.3414368530
1488 -0.3414284678
1670 -0.3370716672
1684 -0.3370632821
1783 -0.3360785651
1901 -0.3303760810
2005 -0.3295742399
2139 -0.3283439498
2529 -0.3265725708
2616 -0.3248811911
2635 -0.3231098121
2902 -0.3218567085
3551 -0.3198850574
3905 -0.3165597000
4562 -0.3159061349
5266 -0.3155745609
5523 -0.3110606733
100000 -0.3110606733
evaluations raw_y
1 -0.5085643270
2 -0.4905225535
9 -0.4816936039
18 -0.4673830654
33 -0.4548496855
64 -0.4418430989
103 -0.4364812669
187 -0.4360312039
190 -0.4301729930
198 -0.4257160295
203 -0.4194201874
231 -0.4156705522
260 -0.4077620797
275 -0.4009108728
316 -0.4000378450
342 -0.3961123844
386 -0.3887448579
388 -0.3875791385
432 -0.3726376159
522 -0.3717024725
540 -0.3694032085
559 -0.3688772919
579 -0.3650564896
634 -0.3631199051
709 -0.3626944638
738 -0.3609973726
826 -0.3597442690
883 -0.3535796073
939 -0.3506263663
974 -0.3500693135
980 -0.3493732627
1304 -0.3490416887
1567 -0.3452775957
1798 -0.3448629503
1834 -0.3435956894
1881 -0.3416633224
1905 -0.3412486770
1932 -0.3393776577
2210 -0.3388077738
2319 -0.3347425089
2515 -0.3340014915
2548 -0.3320883789
2589 -0.3313557466
2619 -0.3313473615
2640 -0.3307307792
3173 -0.3287614380
3755 -0.3214789556
6245 -0.3214218928
7082 -0.3153268455
7738 -0.3144099096
8200 -0.3142030001
8606 -0.3137228801
8836 -0.3080203959
100000 -0.3080203959
evaluations raw_y
1 -0.5623596320
2 -0.5028323848
4 -0.4865499481
5 -0.4682096795
12 -0.4603450447
49 -0.4575572442
63 -0.4463913390
119 -0.4432745212
129 -0.4266026388
192 -0.4179271412
206 -0.4063578660
233 -0.3973673783
315 -0.3904446502
328 -0.3879101886
339 -0.3857425153
353 -0.3857030270
358 -0.3845464163
379 -0.3773675993
383 -0.3762027421
400 -0.3693057199
428 -0.3630596695
430 -0.3539008610
455 -0.3491583925
490 -0.3432860586
513 -0.3408750361
524 -0.3406304021
577 -0.3372108941
585 -0.3334646532
620 -0.3318681602
628 -0.3301400063
650 -0.3247421270
753 -0.3224402868
793 -0.3214392464
1080 -0.3208226641
1362 -0.3205565243
1476 -0.3132740418
1835 -0.3127041578
2485 -0.3126957727
3250 -0.3085222529
3606 -0.3040083653
4308 -0.3038014557
4648 -0.2999167752
100000 -0.2999167752
evaluations raw_y
1 -0.5255955036
2 -0.4881076654
4 -0.4844057293
11 -0.4829513746
16 -0.4537530575
30 -0.4519912328
63 -0.4378183519
96 -0.4335626401
110 -0.4273636025
138 -0.4268970974
159 -0.4122493089
221 -0.3953514210
262 -0.3920576233
293 -0.3719014210
294 -0.3674230103
371 -0.3583606879
418 -0.3551815464
456 -0.3528631196
470 -0.3509613992
527 -0.3484478423
557 -0.3481035733
563 -0.3478680954
598 -0.3470317854
606 -0.3405087984
625 -0.3403414711
654 -0.3399637925
671 -0.3381396523
814 -0.3373378113
855 -0.3348894315
878 -0.3340875905
970 -0.3340611199
974 -0.3328573003
1010 -0.3328308297
1030 -0.3320289887
1260 -0.3316871596
1264 -0.3271281526
1335 -0.3267863235
1409 -0.3203346921
1486 -0.3181295777
1927 -0.3173885603
2000 -0.3162585584
2029 -0.3155175411
2072 -0.3148675536
2360 -0.3136067575
2501 -0.3135983724
3903 -0.3098342794
5632 -0.3097078740
5835 -0.3043882382
6955 -0.3032471795
6962 -0.2982931909
7003 -0.2978130709
100000 -0.2978130709
evaluations raw_y
1 -0.5042901979
2 -0.4840112610
9 -0.4692690060
26 -0.4621168588
31 -0.4601959681
39 -0.4479753117
81 -0.4333640056
122 -0.4311184934
157 -0.4157462449
222 -0.4053795404
261 -0.4014713658
284 -0.3814016374
326 -0.3805718271
366 -0.3762295304
372 -0.3729866909
434 -0.3701801072
470 -0.3640346733
499 -0.3591716407
520 -0.3569005774
579 -0.3549851823
590 -0.3522594730
653 -0.3510189393
700 -0.3504890395
743 -0.3504806544
789 -0.3484183074
807 -0.3471777738
935 -0.3459246702
1255 -0.3441217178
1497 -0.3384040806
1533 -0.3343509995
1757 -0.3337811155
1846 -0.3330850647
1911 -0.3299615582
1922 -0.3292655073
2080 -0.3285032096
2271 -0.3267923141
2408 -0.3261757318
3043 -0.3251746914
3172 -0.3247600461
5007 -0.3162460236
5479 -0.3155795472
9870 -0.3145705354
10365 -0.3133402452
100000 -0.3133402452
evaluations raw_y
1 -0.5425963596
2 -0.5320629287
3 -0.5201172831
5 -0.5182175459
6 -0.5134054385
7 -0.4866223441
18 -0.4860916000
21 -0.4571802292
44 -0.4459108864
72 -0.4453881831
74 -0.4449602974
128 -0.4351226601
156 -0.4244411489
178 -0.4049985679
257 -0.3957444777
263 -0.3956772977
303 -0.3893914262
339 -0.3886370737
347 -0.3769411539
367 -0.3718261235
462 -0.3698127800
468 -0.3669547705
483 -0.3649808581
490 -0.3634654787
494 -0.3603304840
495 -0.3571075031
538 -0.3569227197
548 -0.3476816070
577 -0.3470594487
583 -0.3443177126
590 -0.3435396226
637 -0.3430595285
646 -0.3427933886
662 -0.3423230506
675 -0.3406428802
684 -0.3403738539
689 -0.3403208892
707 -0.3397231753
737 -0.3384512832
740 -0.3369046582
767 -0.3355236323
792 -0.3332020293
824 -0.3306280887
857 -0.3296777372
882 -0.3293461632
883 -0.3287949344
885 -0.3277569112
919 -0.3274253372
947 -0.3251027812
976 -0.3242941525
1003 -0.3216400225
1063 -0.3213084485
1577 -0.3201160184
1681 -0.3194994361
1745 -0.3171916856
2021 -0.3170652802
2130 -0.3159613955
2143 -0.3158349900
2167 -0.3144019046
2210 -0.3131716144
2641 -0.3116976198
3124 -0.3109566025
3468 -0.3096958065
4979 -0.3088939655
5431 -0.3088369027
7357 -0.3035172668
46844 -0.3028883770
100000 -0.3028883770
evaluations raw_y
1 -0.5296482635
4 -0.4728184739
15 -0.4720714778
17 -0.4702121156
21 -0.4604365901
45 -0.4442933017
81 -0.4381629932
126 -0.4368226301
154 -0.4225387842
176 -0.4223109672
182 -0.4150778180
214 -0.4085171193
222 -0.4025256091
255 -0.4005643390
264 -0.3860868146
309 -0.3834011687
314 -0.3715395750
365 -0.3690839811
393 -0.3661467001
398 -0.3631536824
416 -0.3587656008
447 -0.3580393332
470 -0.3522218872
494 -0.3513744967
556 -0.3461240569
572 -0.3410972828
637 -0.3406826374
666 -0.3405589978
733 -0.3401443525
786 -0.3394907874
796 -0.3382866431
806 -0.3362644977
826 -0.3326862045
843 -0.3321479195
891 -0.3314943544
1018 -0.3302640642
1353 -0.3268237751
1481 -0.3267667122
1863 -0.3255742821
1917 -0.3255658970
1928 -0.3241041971
1937 -0.3229201521
2010 -0.3229117670
2102 -0.3167471052
2554 -0.3141155749
2605 -0.3136354549
3348 -0.3109720793
3696 -0.3101702383
5424 -0.3084593428
6238 -0.3074583024
100000 -0.3074583024
evaluations raw_y
1 -0.4894263915
3 -0.4758900127
5 -0.4684378857
31 -0.4511818358
60 -0.4511180091
82 -0.4437924666
94 -0.4403840702
96 -0.4254852536
114 -0.4115045120
142 -0.4103642099
157 -0.3898716754
235 -0.3852898557
268 -0.3734990272
289 -0.3728138918
339 -0.3497765067
382 -0.3370910016
445 -0.3358879874
449 -0.3349772941
494 -0.3342747384
526 -0.3302235122
545 -0.3248164547
605 -0.3240754373
613 -0.3187246267
624 -0.3182048481
668 -0.3174554456
825 -0.3136358882
1004 -0.3131581532
1009 -0.3093385958
1244 -0.3081461657
1726 -0.3073680741
1897 -0.3065752286
1933 -0.3050603236
1964 -0.3042674782
2187 -0.3037873582
2414 -0.3027459398
2436 -0.3022658198
86354 -0.3004271349
100000 -0.3004271349
evaluations raw_y
1 -0.5121578576
2 -0.4757021489
18 -0.4667268336
26 -0.4471366868
141 -0.4306459669
183 -0.4197440491
236 -0.3986266385
282 -0.3959659869
302 -0.3958419770
321 -0.3887368609
390 -0.3873570679
415 -0.3855579020
449 -0.3851945509
463 -0.3843562369
468 -0.3842211040
475 -0.3776573791
512 -0.3761358407
514 -0.3738847634
528 -0.3735147105
542 -0.3719192128
563 -0.3688476118
575 -0.3657040179
583 -0.3621987760
622 -0.3618672020
701 -0.3612973180
729 -0.3611508148
769 -0.3608192407
779 -0.3549861530
827 -0.3546545790
849 -0.3540846950
991 -0.3422925402
1083 -0.3414906992
1106 -0.3404895878
1148 -0.3396877468
1351 -0.3374826324
1451 -0.3362902022
1805 -0.3325261093
1917 -0.3276511029
2233 -0.3257800837
2700 -0.3169008893
2989 -0.3168925042
3009 -0.3164207693
3027 -0.3164123841
3414 -0.3097670589
4364 -0.3087660185
4634 -0.2992460677
75459 -0.2962978106
100000 -0.2962978106
evaluations raw_y
1 -0.5262623277
2 -0.5054392109
5 -0.4821428943
9 -0.4800050552
17 -0.4758339141
36 -0.4675824725
46 -0.4418832785
114 -0.4350877104
119 -0.4327650756
132 -0.4287982411
164 -0.4232844387
168 -0.4189994005
203 -0.4073564768
210 -0.4072967597
214 -0.4069342825
254 -0.3942463185
333 -0.3917806126
341 -0.3826072851
355 -0.3809061891
395 -0.3740962993
428 -0.3727703174
448 -0.3689878120
453 -0.3626722068
490 -0.3614062516
511 -0.3594891425
526 -0.3499740332
541 -0.3482898591
613 -0.3455941674
629 -0.3434533895
656 -0.3434450044
691 -0.3370206691
729 -0.3354485714
758 -0.3348870726
775 -0.3348786875
781 -0.3344450868
790 -0.3310987075
858 -0.3309313802
1171 -0.3267231557
1241 -0.3244154053
1372 -0.3227045098
1706 -0.3213803060
2065 -0.3209001860
2252 -0.3185398559
2308 -0.3170183175
2467 -0.3118945306
2494 -0.3103729922
2928 -0.3085700398
3313 -0.3075689995
3424 -0.3042436420
4707 -0.3036270598
74047 -0.3028411374
100000 -0.3028411374
evaluations raw_y
1 -0.5124320140
2 -0.4986665851
3 -0.4925942322
4 -0.4643293591
22 -0.4505636528
24 -0.4169639134
164 -0.4070908254
194 -0.3987678648
212 -0.3984052559
218 -0.3919198385
248 -0.3917169671
259 -0.3912446761
274 -0.3880352045
357 -0.3776476018
382 -0.3775905389
395 -0.3749928567
410 -0.3724959055
417 -0.3724811731
419 -0.3589427912
484 -0.3568487763
561 -0.3567917135
573 -0.3551064437
586 -0.3546096517
592 -0.3539769122
604 -0.3527386324
616 -0.3512170941
872 -0.3508752650
1170 -0.3502586827
1178 -0.3498662531
1191 -0.3492496708
1316 -0.3420534352
1327 -0.3414368530
1488 -0.3414284678
1670 -0.3370716672
1684 -0.3370632821
1783 -0.3360785651
1901 -0.3303760810
2005 -0.3295742399
2139 -0.3283439498
2529 -0.3265725708
2616 -0.3248811911
2635 -0.3231098121
2902 -0.3218567085
3551 -0.3198850574
3905 -0.3165597000
4562 -0.3159061349
5266 -0.3155745609
5523 -0.3110606733
100000 -0.3110606733
evaluations raw_y
1 -0.5085643270
2 -0.4905225535
9 -0.4816936039
18 -0.4673830654
33 -0.4548496855
64 -0.4418430989
103 -0.4364812669
187 -0.4360312039
190 -0.4301729930
198 -0.4257160295
203 -0.4194201874
231 -0.4156705522
260 -0.4077620797
275 -0.4009108728
316 -0.4000378450
342 -0.3961123844
386 -0.3887448579
388 -0.3875791385
432 -0.3726376159
522 -0.3717024725
540 -0.3694032085
559 -0.3688772919
579 -0.3650564896
634 -0.3631199051
709 -0.3626944638
738 -0.3609973726
826 -0.3597442690
883 -0.3535796073
939 -0.3506263663
974 -0.3500693135
980 -0.3493732627
1304 -0.3490416887
1567 -0.3452775957
1798 -0.3448629503
1834 -0.3435956894
1881 -0.3416633224
1905 -0.3412486770
1932 -0.3393776577
2210 -0.3388077738
2319 -0.3347425089
2515 -0.3340014915
2548 -0.3320883789
2589 -0.3313557466
2619 -0.3313473615
2640 -0.3307307792
3173 -0.3287614380
3755 -0.3214789556
6245 -0.3214218928
7082 -0.3153268455
7738 -0.3144099096
8200 -0.3142030001
8606 -0.3137228801
8836 -0.3080203959
100000 -0.3080203959
evaluations raw_y
1 -0.5623596320
2 -0.5028323848
4 -0.4865499481
5 -0.4682096795
12 -0.4603450447
49 -0.4575572442
63 -0.4463913390
119 -0.4432745212
129 -0.4266026388
192 -0.4179271412
206 -0.4063578660
233 -0.3973673783
315 -0.3904446502
328 -0.3879101886
339 -0.3857425153
353 -0.3857030270
358 -0.3845464163
379 -0.3773675993
383 -0.3762027421
400 -0.3693057199
428 -0.3630596695
430 -0.3539008610
455 -0.3491583925
490 -0.3432860586
513 -0.3408750361
524 -0.3406304021
577 -0.3372108941
585 -0.3334646532
620 -0.3318681602
628 -0.3301400063
650 -0.3247421270
753 -0.3224402868
793 -0.3214392464
1080 -0.3208226641
1362 -0.3205565243
1476 -0.3132740418
1835 -0.3127041578
2485 -0.3126957727
3250 -0.3085222529
3606 -0.3040083653
4308 -0.3038014557
4648 -0.2999167752
100000 -0.2999167752
