evaluations raw_y evaporation_rate
1 46.0000000000 0.1000000000
2 47.0000000000 0.1000000000
5 52.0000000000 0.1000000000
9 55.0000000000 0.1000000000
11 57.0000000000 0.1000000000
21 60.0000000000 0.1000000000
24 63.0000000000 0.1000000000
30 66.0000000000 0.1000000000
39 69.0000000000 0.1000000000
51 70.0000000000 0.1000000000
58 72.0000000000 0.1000000000
75 75.0000000000 0.1000000000
83 76.0000000000 0.1000000000
115 77.0000000000 0.1000000000
120 78.0000000000 0.1000000000
202 79.0000000000 0.1000000000
238 80.0000000000 0.1000000000
296 81.0000000000 0.1000000000
311 82.0000000000 0.1000000000
346 83.0000000000 0.1000000000
395 84.0000000000 0.1000000000
491 85.0000000000 0.1000000000
537 86.0000000000 0.1000000000
570 87.0000000000 0.1000000000
643 88.0000000000 0.1000000000
726 89.0000000000 0.1000000000
853 90.0000000000 0.1000000000
1083 91.0000000000 0.1000000000
1157 92.0000000000 0.1000000000
1223 93.0000000000 0.1000000000
1574 94.0000000000 0.1000000000
1621 95.0000000000 0.1000000000
1756 96.0000000000 0.1000000000
1927 97.0000000000 0.1000000000
2216 98.0000000000 0.1000000000
2772 99.0000000000 0.1000000000
4372 100.0000000000 0.1000000000
evaluations raw_y evaporation_rate
1 48.0000000000 0.1000000000
2 49.0000000000 0.1000000000
3 51.0000000000 0.1000000000
9 54.0000000000 0.1000000000
14 56.0000000000 0.1000000000
17 59.0000000000 0.1000000000
25 62.0000000000 0.1000000000
30 64.0000000000 0.1000000000
46 65.0000000000 0.1000000000
47 66.0000000000 0.1000000000
58 67.0000000000 0.1000000000
60 68.0000000000 0.1000000000
76 69.0000000000 0.1000000000
94 70.0000000000 0.1000000000
135 71.0000000000 0.1000000000
163 72.0000000000 0.1000000000
184 73.0000000000 0.1000000000
190 74.0000000000 0.1000000000
206 75.0000000000 0.1000000000
221 76.0000000000 0.1000000000
316 77.0000000000 0.1000000000
353 78.0000000000 0.1000000000
367 79.0000000000 0.1000000000
503 80.0000000000 0.1000000000
550 81.0000000000 0.1000000000
594 82.0000000000 0.1000000000
818 83.0000000000 0.1000000000
834 84.0000000000 0.1000000000
929 85.0000000000 0.1000000000
1016 86.0000000000 0.1000000000
1085 87.0000000000 0.1000000000
1436 88.0000000000 0.1000000000
1463 89.0000000000 0.1000000000
1523 90.0000000000 0.1000000000
1616 91.0000000000 0.1000000000
1712 92.0000000000 0.1000000000
1782 93.0000000000 0.1000000000
1840 94.0000000000 0.1000000000
2124 95.0000000000 0.1000000000
2284 96.0000000000 0.1000000000
2559 97.0000000000 0.1000000000
2583 98.0000000000 0.1000000000
3114 99.0000000000 0.1000000000
3231 100.0000000000 0.1000000000
evaluations raw_y evaporation_rate
1 57.0000000000 0.1000000000
11 59.0000000000 0.1000000000
14 60.0000000000 0.1000000000
19 65.0000000000 0.1000000000
31 68.0000000000 0.1000000000
51 70.0000000000 0.1000000000
65 71.0000000000 0.1000000000
70 72.0000000000 0.1000000000
83 73.0000000000 0.1000000000
87 74.0000000000 0.1000000000
91 75.0000000000 0.1000000000
145 76.0000000000 0.1000000000
283 77.0000000000 0.1000000000
287 78.0000000000 0.1000000000
300 79.0000000000 0.1000000000
357 80.0000000000 0.1000000000
448 81.0000000000 0.1000000000
560 82.0000000000 0.1000000000
613 83.0000000000 0.1000000000
650 84.0000000000 0.1000000000
658 85.0000000000 0.1000000000
691 86.0000000000 0.1000000000
725 87.0000000000 0.1000000000
782 88.0000000000 0.1000000000
783 89.0000000000 0.1000000000
884 90.0000000000 0.1000000000
924 91.0000000000 0.1000000000
1063 92.0000000000 0.1000000000
1076 93.0000000000 0.1000000000
1349 94.0000000000 0.1000000000
1474 95.0000000000 0.1000000000
1741 96.0000000000 0.1000000000
1963 97.0000000000 0.1000000000
2271 98.0000000000 0.1000000000
3124 99.0000000000 0.1000000000
3630 100.0000000000 0.1000000000
evaluations raw_y evaporation_rate
1 38.0000000000 0.1000000000
2 46.0000000000 0.1000000000
4 47.0000000000 0.1000000000
6 49.0000000000 0.1000000000
7 52.0000000000 0.1000000000
20 58.0000000000 0.1000000000
34 60.0000000000 0.1000000000
40 62.0000000000 0.1000000000
46 63.0000000000 0.1000000000
51 64.0000000000 0.1000000000
101 65.0000000000 0.1000000000
109 66.0000000000 0.1000000000
129 67.0000000000 0.1000000000
205 68.0000000000 0.1000000000
304 69.0000000000 0.1000000000
354 70.0000000000 0.1000000000
374 71.0000000000 0.1000000000
396 72.0000000000 0.1000000000
414 73.0000000000 0.1000000000
461 74.0000000000 0.1000000000
512 75.0000000000 0.1000000000
535 76.0000000000 0.1000000000
647 77.0000000000 0.1000000000
714 78.0000000000 0.1000000000
765 79.0000000000 0.1000000000
863 80.0000000000 0.1000000000
940 81.0000000000 0.1000000000
958 82.0000000000 0.1000000000
975 83.0000000000 0.1000000000
998 84.0000000000 0.1000000000
1017 85.0000000000 0.1000000000
1038 86.0000000000 0.1000000000
1247 87.0000000000 0.1000000000
1365 88.0000000000 0.1000000000
1372 89.0000000000 0.1000000000
1568 90.0000000000 0.1000000000
1727 91.0000000000 0.1000000000
1773 92.0000000000 0.1000000000
2042 93.0000000000 0.1000000000
2098 94.0000000000 0.1000000000
2237 95.0000000000 0.1000000000
2313 96.0000000000 0.1000000000
3517 97.0000000000 0.1000000000
3610 98.0000000000 0.1000000000
8632 99.0000000000 0.1000000000
9017 100.0000000000 0.1000000000
evaluations raw_y evaporation_rate
1 48.0000000000 0.1000000000
2 54.0000000000 0.1000000000
3 55.0000000000 0.1000000000
9 61.0000000000 0.1000000000
24 62.0000000000 0.1000000000
28 63.0000000000 0.1000000000
29 66.0000000000 0.1000000000
38 67.0000000000 0.1000000000
47 68.0000000000 0.1000000000
50 69.0000000000 0.1000000000
57 70.0000000000 0.1000000000
93 71.0000000000 0.1000000000
107 72.0000000000 0.1000000000
174 73.0000000000 0.1000000000
197 74.0000000000 0.1000000000
233 75.0000000000 0.1000000000
243 76.0000000000 0.1000000000
328 77.0000000000 0.1000000000
457 78.0000000000 0.1000000000
519 79.0000000000 0.1000000000
653 80.0000000000 0.1000000000
737 81.0000000000 0.1000000000
795 82.0000000000 0.1000000000
918 83.0000000000 0.1000000000
963 84.0000000000 0.1000000000
1062 85.0000000000 0.1000000000
1160 86.0000000000 0.1000000000
1228 87.0000000000 0.1000000000
1283 88.0000000000 0.1000000000
1351 89.0000000000 0.1000000000
1390 90.0000000000 0.1000000000
1415 91.0000000000 0.1000000000
1524 92.0000000000 0.1000000000
1768 93.0000000000 0.1000000000
1838 94.0000000000 0.1000000000
1964 95.0000000000 0.1000000000
2041 96.0000000000 0.1000000000
2459 97.0000000000 0.1000000000
2650 98.0000000000 0.1000000000
2675 99.0000000000 0.1000000000
3276 100.0000000000 0.1000000000
evaluations raw_y evaporation_rate
1 48.0000000000 0.1000000000
2 50.0000000000 0.1000000000
3 51.0000000000 0.1000000000
8 56.0000000000 0.1000000000
11 58.0000000000 0.1000000000
14 59.0000000000 0.1000000000
22 60.0000000000 0.1000000000
24 62.0000000000 0.1000000000
37 66.0000000000 0.1000000000
55 68.0000000000 0.1000000000
57 69.0000000000 0.1000000000
65 70.0000000000 0.1000000000
85 71.0000000000 0.1000000000
104 72.0000000000 0.1000000000
114 73.0000000000 0.1000000000
218 74.0000000000 0.1000000000
314 75.0000000000 0.1000000000
338 76.0000000000 0.1000000000
378 77.0000000000 0.1000000000
417 78.0000000000 0.1000000000
449 79.0000000000 0.1000000000
460 80.0000000000 0.1000000000
548 81.0000000000 0.1000000000
687 82.0000000000 0.1000000000
733 83.0000000000 0.1000000000
942 84.0000000000 0.1000000000
1031 85.0000000000 0.1000000000
1054 86.0000000000 0.1000000000
1069 87.0000000000 0.1000000000
1081 88.0000000000 0.1000000000
1110 89.0000000000 0.1000000000
1191 90.0000000000 0.1000000000
1211 91.0000000000 0.1000000000
1478 92.0000000000 0.1000000000
1563 93.0000000000 0.1000000000
1730 94.0000000000 0.1000000000
1999 95.0000000000 0.1000000000
2117 96.0000000000 0.1000000000
2186 97.0000000000 0.1000000000
2218 98.0000000000 0.1000000000
2594 99.0000000000 0.1000000000
2718 100.0000000000 0.1000000000
evaluations raw_y evaporation_rate
1 48.0000000000 0.1000000000
2 63.0000000000 0.1000000000
13 65.0000000000 0.1000000000
26 66.0000000000 0.1000000000
28 67.0000000000 0.1000000000
34 68.0000000000 0.1000000000
47 69.0000000000 0.1000000000
49 70.0000000000 0.1000000000
53 71.0000000000 0.1000000000
56 72.0000000000 0.1000000000
64 73.0000000000 0.1000000000
138 74.0000000000 0.1000000000
160 75.0000000000 0.1000000000
200 76.0000000000 0.1000000000
210 77.0000000000 0.1000000000
244 78.0000000000 0.1000000000
247 79.0000000000 0.1000000000
299 80.0000000000 0.1000000000
310 81.0000000000 0.1000000000
340 82.0000000000 0.1000000000
351 83.0000000000 0.1000000000
419 84.0000000000 0.1000000000
450 86.0000000000 0.1000000000
494 87.0000000000 0.1000000000
621 88.0000000000 0.1000000000
666 89.0000000000 0.1000000000
940 90.0000000000 0.1000000000
1169 91.0000000000 0.1000000000
1186 92.0000000000 0.1000000000
1224 93.0000000000 0.1000000000
1283 94.0000000000 0.1000000000
1977 95.0000000000 0.1000000000
2039 96.0000000000 0.1000000000
2185 97.0000000000 0.1000000000
2621 98.0000000000 0.1000000000
2819 99.0000000000 0.1000000000
5262 100.0000000000 0.1000000000
evaluations raw_y evaporation_rate
1 51.0000000000 0.1000000000
2 52.0000000000 0.1000000000
8 57.0000000000 0.1000000000
9 58.0000000000 0.1000000000
11 64.0000000000 0.1000000000
25 69.0000000000 0.1000000000
50 70.0000000000 0.1000000000
57 71.0000000000 0.1000000000
67 73.0000000000 0.1000000000
103 74.0000000000 0.1000000000
117 75.0000000000 0.1000000000
238 76.0000000000 0.1000000000
293 77.0000000000 0.1000000000
349 78.0000000000 0.1000000000
375 79.0000000000 0.1000000000
433 80.0000000000 0.1000000000
453 81.0000000000 0.1000000000
519 82.0000000000 0.1000000000
546 83.0000000000 0.1000000000
585 84.0000000000 0.1000000000
682 85.0000000000 0.1000000000
709 86.0000000000 0.1000000000
853 87.0000000000 0.1000000000
1018 88.0000000000 0.1000000000
1138 89.0000000000 0.1000000000
1180 90.0000000000 0.1000000000
1190 91.0000000000 0.1000000000
1419 92.0000000000 0.1000000000
1422 93.0000000000 0.1000000000
1547 94.0000000000 0.1000000000
1556 95.0000000000 0.1000000000
1697 96.0000000000 0.1000000000
1711 97.0000000000 0.1000000000
2357 98.0000000000 0.1000000000
2486 99.0000000000 0.1000000000
3122 100.0000000000 0.1000000000
evaluations raw_y evaporation_rate
1 53.0000000000 0.1000000000
8 54.0000000000 0.1000000000
14 60.0000000000 0.1000000000
15 65.0000000000 0.1000000000
29 67.0000000000 0.1000000000
33 68.0000000000 0.1000000000
47 70.0000000000 0.1000000000
51 71.0000000000 0.1000000000
59 72.0000000000 0.1000000000
72 73.0000000000 0.1000000000
81 75.0000000000 0.1000000000
125 76.0000000000 0.1000000000
138 77.0000000000 0.1000000000
153 78.0000000000 0.1000000000
183 79.0000000000 0.1000000000
204 80.0000000000 0.1000000000
214 81.0000000000 0.1000000000
338 82.0000000000 0.1000000000
351 83.0000000000 0.1000000000
380 84.0000000000 0.1000000000
414 85.0000000000 0.1000000000
572 86.0000000000 0.1000000000
626 87.0000000000 0.1000000000
1074 88.0000000000 0.1000000000
1098 89.0000000000 0.1000000000
1147 90.0000000000 0.1000000000
1177 91.0000000000 0.1000000000
1201 92.0000000000 0.1000000000
1375 93.0000000000 0.1000000000
1688 94.0000000000 0.1000000000
1835 95.0000000000 0.1000000000
1862 96.0000000000 0.1000000000
2243 97.0000000000 0.1000000000
2406 98.0000000000 0.1000000000
2835 99.0000000000 0.1000000000
4980 100.0000000000 0.1000000000
evaluations raw_y evaporation_rate
1 53.0000000000 0.1000000000
8 56.0000000000 0.1000000000
15 62.0000000000 0.1000000000
23 64.0000000000 0.1000000000
36 67.0000000000 0.1000000000
40 68.0000000000 0.1000000000
46 70.0000000000 0.1000000000
50 71.0000000000 0.1000000000
54 72.0000000000 0.1000000000
64 74.0000000000 0.1000000000
84 75.0000000000 0.1000000000
107 76.0000000000 0.1000000000
129 77.0000000000 0.1000000000
149 78.0000000000 0.1000000000
153 79.0000000000 0.1000000000
213 80.0000000000 0.1000000000
397 81.0000000000 0.1000000000
528 82.0000000000 0.1000000000
611 83.0000000000 0.1000000000
681 84.0000000000 0.1000000000
707 85.0000000000 0.1000000000
742 86.0000000000 0.1000000000
773 87.0000000000 0.1000000000
793 88.0000000000 0.1000000000
806 89.0000000000 0.1000000000
834 90.0000000000 0.1000000000
972 91.0000000000 0.1000000000
1139 92.0000000000 0.1000000000
1246 93.0000000000 0.1000000000
1389 94.0000000000 0.1000000000
1405 95.0000000000 0.1000000000
1525 96.0000000000 0.1000000000
2301 97.0000000000 0.1000000000
2596 98.0000000000 0.1000000000
3352 99.0000000000 0.1000000000
3944 100.0000000000 0.1000000000
