evaluations raw_y
1 -1381.0000000000
2 -1342.0000000000
4 -914.0000000000
32 -816.0000000000
79 -613.0000000000
130 -555.0000000000
141 -468.0000000000
144 -467.0000000000
181 -458.0000000000
184 -448.0000000000
203 -418.0000000000
211 -409.0000000000
224 -391.0000000000
226 -370.0000000000
248 -340.0000000000
260 -283.0000000000
307 -254.0000000000
314 -224.0000000000
346 -196.0000000000
369 -157.0000000000
388 -137.0000000000
430 -118.0000000000
446 -80.0000000000
510 -71.0000000000
520 -61.0000000000
559 -51.0000000000
582 -43.0000000000
622 -42.0000000000
656 -23.0000000000
704 -22.0000000000
708 -14.0000000000
729 -5.0000000000
750 -4.0000000000
780 3.0000000000
803 4.0000000000
820 5.0000000000
828 6.0000000000
867 7.0000000000
908 8.0000000000
995 9.0000000000
100000 -20.0000000000
evaluations raw_y
1 -1362.0000000000
5 -1274.0000000000
8 -885.0000000000
47 -855.0000000000
87 -807.0000000000
90 -748.0000000000
118 -699.0000000000
120 -671.0000000000
144 -670.0000000000
148 -573.0000000000
167 -506.0000000000
189 -496.0000000000
194 -485.0000000000
200 -476.0000000000
213 -457.0000000000
216 -456.0000000000
219 -370.0000000000
228 -322.0000000000
245 -311.0000000000
273 -303.0000000000
281 -263.0000000000
296 -148.0000000000
329 -138.0000000000
371 -128.0000000000
377 -89.0000000000
382 -80.0000000000
447 -60.0000000000
482 -42.0000000000
513 -41.0000000000
543 -33.0000000000
557 -23.0000000000
579 -14.0000000000
622 -5.0000000000
682 -4.0000000000
829 -3.0000000000
909 5.0000000000
1019 6.0000000000
1126 7.0000000000
1660 8.0000000000
5385 9.0000000000
43002 10.0000000000
100000 -68.0000000000
evaluations raw_y
1 -1380.0000000000
2 -1303.0000000000
3 -1147.0000000000
10 -1127.0000000000
11 -913.0000000000
41 -835.0000000000
72 -806.0000000000
82 -699.0000000000
105 -689.0000000000
139 -641.0000000000
148 -553.0000000000
176 -543.0000000000
183 -446.0000000000
199 -388.0000000000
248 -378.0000000000
269 -340.0000000000
273 -301.0000000000
283 -263.0000000000
305 -243.0000000000
335 -224.0000000000
342 -214.0000000000
370 -165.0000000000
416 -157.0000000000
427 -137.0000000000
429 -128.0000000000
478 -118.0000000000
495 -99.0000000000
507 -90.0000000000
527 -79.0000000000
578 -72.0000000000
601 -71.0000000000
609 -50.0000000000
664 -41.0000000000
670 -15.0000000000
691 -5.0000000000
760 3.0000000000
794 4.0000000000
801 5.0000000000
840 6.0000000000
1014 7.0000000000
1661 8.0000000000
1869 9.0000000000
8017 10.0000000000
100000 -69.0000000000
evaluations raw_y
1 -1128.0000000000
8 -1011.0000000000
40 -943.0000000000
50 -865.0000000000
65 -836.0000000000
69 -807.0000000000
70 -680.0000000000
113 -651.0000000000
124 -603.0000000000
143 -593.0000000000
144 -505.0000000000
152 -438.0000000000
191 -408.0000000000
206 -379.0000000000
213 -341.0000000000
228 -322.0000000000
242 -293.0000000000
251 -244.0000000000
265 -225.0000000000
282 -215.0000000000
292 -157.0000000000
345 -138.0000000000
390 -109.0000000000
396 -108.0000000000
431 -90.0000000000
445 -61.0000000000
491 -60.0000000000
499 -43.0000000000
530 -42.0000000000
541 -32.0000000000
543 -24.0000000000
568 -13.0000000000
609 -5.0000000000
632 -4.0000000000
649 5.0000000000
705 6.0000000000
808 7.0000000000
1334 8.0000000000
4903 9.0000000000
100000 7.0000000000
evaluations raw_y
1 -1800.0000000000
2 -1751.0000000000
3 -1439.0000000000
4 -1108.0000000000
6 -943.0000000000
57 -875.0000000000
67 -816.0000000000
81 -797.0000000000
86 -777.0000000000
95 -729.0000000000
101 -632.0000000000
124 -592.0000000000
144 -543.0000000000
169 -466.0000000000
178 -438.0000000000
189 -427.0000000000
193 -407.0000000000
206 -368.0000000000
227 -262.0000000000
261 -234.0000000000
271 -175.0000000000
304 -147.0000000000
332 -146.0000000000
346 -127.0000000000
367 -126.0000000000
382 -79.0000000000
388 -78.0000000000
427 -69.0000000000
433 -59.0000000000
462 -40.0000000000
543 -31.0000000000
545 -30.0000000000
554 -21.0000000000
589 -11.0000000000
671 -2.0000000000
724 6.0000000000
758 7.0000000000
781 8.0000000000
1817 9.0000000000
12719 10.0000000000
100000 -88.0000000000
evaluations raw_y
1 -1449.0000000000
2 -1196.0000000000
24 -1167.0000000000
37 -1010.0000000000
53 -1001.0000000000
64 -777.0000000000
89 -729.0000000000
103 -710.0000000000
107 -651.0000000000
108 -641.0000000000
121 -631.0000000000
142 -602.0000000000
150 -447.0000000000
181 -437.0000000000
183 -428.0000000000
206 -408.0000000000
212 -399.0000000000
227 -370.0000000000
228 -350.0000000000
264 -321.0000000000
277 -301.0000000000
290 -273.0000000000
305 -253.0000000000
309 -243.0000000000
310 -215.0000000000
349 -177.0000000000
381 -167.0000000000
413 -158.0000000000
421 -147.0000000000
424 -138.0000000000
431 -128.0000000000
442 -109.0000000000
483 -90.0000000000
502 -89.0000000000
506 -79.0000000000
527 -71.0000000000
532 -60.0000000000
539 -42.0000000000
561 -41.0000000000
564 -31.0000000000
572 -22.0000000000
602 -13.0000000000
622 -4.0000000000
628 -3.0000000000
759 -2.0000000000
778 5.0000000000
807 6.0000000000
831 7.0000000000
1016 8.0000000000
2374 9.0000000000
5416 10.0000000000
100000 -58.0000000000
evaluations raw_y
1 -1089.0000000000
42 -1011.0000000000
71 -806.0000000000
101 -767.0000000000
136 -758.0000000000
143 -748.0000000000
146 -709.0000000000
147 -660.0000000000
164 -592.0000000000
181 -524.0000000000
205 -456.0000000000
221 -447.0000000000
228 -427.0000000000
229 -379.0000000000
255 -378.0000000000
278 -349.0000000000
281 -340.0000000000
285 -301.0000000000
293 -282.0000000000
340 -273.0000000000
342 -262.0000000000
343 -204.0000000000
364 -185.0000000000
405 -136.0000000000
419 -98.0000000000
483 -88.0000000000
490 -79.0000000000
509 -51.0000000000
528 -33.0000000000
553 -14.0000000000
595 -13.0000000000
633 -5.0000000000
665 -4.0000000000
675 -3.0000000000
766 5.0000000000
781 6.0000000000
898 7.0000000000
1712 8.0000000000
2160 9.0000000000
100000 -88.0000000000
evaluations raw_y
1 -1156.0000000000
35 -1010.0000000000
75 -971.0000000000
82 -952.0000000000
91 -923.0000000000
93 -845.0000000000
112 -806.0000000000
123 -776.0000000000
133 -690.0000000000
143 -679.0000000000
161 -632.0000000000
167 -602.0000000000
171 -592.0000000000
200 -582.0000000000
204 -534.0000000000
219 -448.0000000000
228 -379.0000000000
309 -340.0000000000
332 -253.0000000000
351 -243.0000000000
356 -235.0000000000
376 -234.0000000000
378 -214.0000000000
384 -167.0000000000
403 -119.0000000000
485 -90.0000000000
511 -80.0000000000
540 -72.0000000000
542 -61.0000000000
550 -53.0000000000
576 -42.0000000000
582 -34.0000000000
615 -33.0000000000
656 -14.0000000000
731 -5.0000000000
782 -4.0000000000
812 3.0000000000
816 4.0000000000
828 5.0000000000
899 6.0000000000
1117 7.0000000000
1261 8.0000000000
5953 9.0000000000
51980 10.0000000000
100000 -29.0000000000
evaluations raw_y
1 -1430.0000000000
3 -1235.0000000000
6 -1186.0000000000
39 -1118.0000000000
62 -1059.0000000000
64 -1030.0000000000
76 -1010.0000000000
82 -1001.0000000000
89 -913.0000000000
102 -845.0000000000
111 -787.0000000000
129 -670.0000000000
168 -602.0000000000
169 -592.0000000000
197 -485.0000000000
204 -428.0000000000
237 -369.0000000000
251 -311.0000000000
259 -292.0000000000
278 -243.0000000000
311 -194.0000000000
331 -146.0000000000
381 -118.0000000000
382 -108.0000000000
406 -89.0000000000
424 -51.0000000000
471 -41.0000000000
534 -32.0000000000
560 -23.0000000000
603 -22.0000000000
645 -5.0000000000
714 -3.0000000000
916 5.0000000000
961 6.0000000000
1022 7.0000000000
1514 8.0000000000
5298 9.0000000000
100000 -99.0000000000
evaluations raw_y
1 -1274.0000000000
9 -1215.0000000000
46 -1176.0000000000
47 -1157.0000000000
61 -1108.0000000000
68 -1088.0000000000
82 -1079.0000000000
90 -982.0000000000
105 -913.0000000000
125 -894.0000000000
144 -826.0000000000
150 -748.0000000000
171 -622.0000000000
182 -535.0000000000
206 -495.0000000000
235 -466.0000000000
242 -409.0000000000
261 -369.0000000000
285 -311.0000000000
315 -283.0000000000
327 -273.0000000000
348 -272.0000000000
363 -195.0000000000
395 -186.0000000000
432 -157.0000000000
459 -148.0000000000
482 -137.0000000000
502 -128.0000000000
512 -127.0000000000
516 -110.0000000000
520 -109.0000000000
543 -108.0000000000
547 -90.0000000000
570 -61.0000000000
596 -50.0000000000
635 -32.0000000000
753 -31.0000000000
770 -22.0000000000
817 -3.0000000000
845 5.0000000000
899 6.0000000000
906 7.0000000000
1149 8.0000000000
1319 9.0000000000
100000 -50.0000000000
