evaluations raw_y
1 -0.5326497012
2 -0.4515156542
3 -0.4489433865
23 -0.4442497198
30 -0.4394676847
66 -0.4309656200
75 -0.4259594532
83 -0.4183230346
105 -0.3972227418
136 -0.3936591063
144 -0.3919768814
167 -0.3868758264
181 -0.3860481597
192 -0.3763286736
204 -0.3711791960
258 -0.3696838919
284 -0.3662741720
312 -0.3637108160
315 -0.3614293173
324 -0.3611680840
325 -0.3569154297
334 -0.3565150360
354 -0.3555956227
364 -0.3503797219
410 -0.3458557838
415 -0.3456799736
422 -0.3437728398
433 -0.3422095098
458 -0.3402569958
465 -0.3381442449
479 -0.3376956222
490 -0.3359242432
521 -0.3352246428
545 -0.3321658817
559 -0.3318589783
561 -0.3316847920
566 -0.3306918872
581 -0.3303374399
602 -0.3298340800
611 -0.3271389218
648 -0.3270881970
655 -0.3268560306
656 -0.3265719114
668 -0.3256636004
707 -0.3243928083
727 -0.3222914695
757 -0.3212904291
789 -0.3203373549
811 -0.3179747340
823 -0.3172235637
890 -0.3150280089
914 -0.3148632335
928 -0.3146133635
977 -0.3125006126
2296 -0.3090312695
2868 -0.3090228843
10198 -0.3079222694
10530 -0.3075160092
10661 -0.3075076240
32587 -0.3073982016
33110 -0.3073898165
46424 -0.3044986222
46577 -0.3044415594
100000 -0.3121778143
evaluations raw_y
1 -0.4973895396
9 -0.4863351965
16 -0.4778811773
19 -0.4726424691
26 -0.4648033038
28 -0.4532970327
53 -0.4331628855
86 -0.4308720563
96 -0.4255593502
104 -0.4246935083
125 -0.4208178965
141 -0.4190404348
143 -0.4150868455
162 -0.4127790951
166 -0.4126871726
179 -0.4120589608
200 -0.4068533480
216 -0.4065508529
220 -0.4062819968
222 -0.4056685484
232 -0.4038171561
237 -0.3986762966
253 -0.3979802458
264 -0.3932914179
284 -0.3875737807
336 -0.3833981753
347 -0.3825855842
350 -0.3815952229
369 -0.3814378973
372 -0.3772242912
402 -0.3759084726
433 -0.3744611575
441 -0.3657517361
509 -0.3640874568
524 -0.3633914060
537 -0.3633630211
547 -0.3593208919
590 -0.3585798745
592 -0.3584968031
604 -0.3570403386
614 -0.3568084955
632 -0.3563442878
641 -0.3542581429
660 -0.3531338332
664 -0.3508982465
723 -0.3491175905
734 -0.3484702725
747 -0.3474962830
800 -0.3469454573
809 -0.3454479937
818 -0.3429519351
864 -0.3422879614
872 -0.3410809159
896 -0.3397567121
922 -0.3389450181
970 -0.3352754214
983 -0.3345344630
1059 -0.3341862714
1071 -0.3333420329
1109 -0.3309742761
1157 -0.3306427020
1167 -0.3269212384
1264 -0.3254086445
1290 -0.3236372655
1311 -0.3225561437
1342 -0.3203119081
1353 -0.3179392264
1381 -0.3175245810
1429 -0.3172005428
1440 -0.3148107511
1529 -0.3139972867
1565 -0.3135171667
1640 -0.3131931285
1686 -0.3128636017
1724 -0.3124308307
1834 -0.3123477593
1841 -0.3121249180
1848 -0.3116941943
1889 -0.3113626202
2086 -0.3110463581
2109 -0.3107045290
2128 -0.3097525799
2149 -0.3096955171
2266 -0.3084652270
2424 -0.3056130878
2493 -0.3003693992
2516 -0.2995675582
2718 -0.2995104954
2945 -0.2995021103
5894 -0.2965538531
55510 -0.2963001932
55706 -0.2958200732
66533 -0.2946731947
66756 -0.2943416207
67297 -0.2931600415
67443 -0.2931516563
67444 -0.2928284674
67487 -0.2928200823
100000 -0.2995354370
evaluations raw_y
1 -0.4834246530
6 -0.4589253559
7 -0.4587581613
12 -0.4535891768
48 -0.4411621568
69 -0.4378052299
72 -0.4363317065
80 -0.4113074288
109 -0.4072266808
123 -0.4024766739
138 -0.3916296425
147 -0.3846935654
166 -0.3716863852
186 -0.3684149431
206 -0.3682082461
226 -0.3671745836
229 -0.3449711679
267 -0.3441733960
301 -0.3403697500
326 -0.3356269246
332 -0.3330989868
361 -0.3281712541
388 -0.3277224081
390 -0.3275322660
404 -0.3256977367
427 -0.3205873899
454 -0.3203190045
467 -0.3193214552
472 -0.3172850518
485 -0.3154566100
517 -0.3152560435
534 -0.3132514956
541 -0.3117009925
616 -0.3116925171
632 -0.3091377148
729 -0.3069326004
797 -0.3059323516
813 -0.3042621049
872 -0.3037903700
904 -0.3035898035
913 -0.3029021378
1012 -0.3028937527
1060 -0.3027572904
1083 -0.3022771704
1105 -0.3020919117
1171 -0.3014753294
5839 -0.3001493315
12694 -0.3000969719
12880 -0.3000315240
27011 -0.2996320710
27418 -0.2995750082
28081 -0.2995666230
28321 -0.2945390013
28439 -0.2942074273
28520 -0.2939424991
28631 -0.2938854363
28696 -0.2935538622
34610 -0.2933085874
34697 -0.2928284674
35162 -0.2928200823
100000 -0.3093672486
evaluations raw_y
1 -0.4717946170
8 -0.4639192310
28 -0.4629512259
39 -0.4592686497
51 -0.4508653797
61 -0.4482768958
71 -0.4467696971
75 -0.4444343146
76 -0.4418492809
86 -0.4357794244
106 -0.4346045548
111 -0.4323916945
121 -0.4319292006
122 -0.4289110040
124 -0.4229497649
130 -0.4207253502
141 -0.4197818416
162 -0.4126689841
172 -0.3879812110
241 -0.3856428426
264 -0.3743871124
289 -0.3723061426
310 -0.3716522741
315 -0.3645719864
332 -0.3617333667
402 -0.3611009507
403 -0.3521949685
432 -0.3502668734
436 -0.3497845903
450 -0.3487428410
460 -0.3460982216
499 -0.3456371309
504 -0.3421437912
540 -0.3390588101
569 -0.3356185209
570 -0.3350116942
610 -0.3334009231
628 -0.3323998828
649 -0.3278701034
694 -0.3274554580
704 -0.3256525056
728 -0.3239958486
769 -0.3239387858
809 -0.3205162941
824 -0.3199791113
883 -0.3171909367
922 -0.3171825515
996 -0.3152094122
1017 -0.3116918734
1103 -0.3095214339
1119 -0.3093292525
1276 -0.3080989624
1463 -0.3080905772
1843 -0.3068834113
1891 -0.3046782969
2149 -0.3046128489
13670 -0.3042133960
14063 -0.3041563331
14259 -0.3039828881
14297 -0.3035598309
14330 -0.3035027681
14406 -0.3034943829
15314 -0.3034024634
15353 -0.2980257648
16168 -0.2980173797
16319 -0.2968991413
16427 -0.2965591822
16503 -0.2965021193
19435 -0.2940423674
19618 -0.2936109250
19623 -0.2935622474
19698 -0.2935538622
87179 -0.2931600415
87362 -0.2928284674
87843 -0.2928200823
100000 -0.3082333035
evaluations raw_y
1 -0.4669456875
2 -0.4639594305
22 -0.4530749889
27 -0.4340411003
72 -0.4258776530
73 -0.4184720854
82 -0.4142887312
111 -0.4070048314
144 -0.4019186555
161 -0.3998806639
168 -0.3942538820
194 -0.3934096704
198 -0.3850123422
213 -0.3847815960
223 -0.3712763370
279 -0.3645652266
304 -0.3589370059
325 -0.3587813167
340 -0.3541751968
352 -0.3494758221
418 -0.3450968272
443 -0.3443541358
447 -0.3371232586
473 -0.3361222183
491 -0.3344615808
492 -0.3317022750
535 -0.3276438617
601 -0.3274298073
603 -0.3252758474
660 -0.3202575973
666 -0.3201684433
685 -0.3187360589
749 -0.3184862183
769 -0.3172100800
773 -0.3155379612
819 -0.3140164228
865 -0.3120639088
888 -0.3104312779
916 -0.3099511579
976 -0.3095840649
997 -0.3077811125
1271 -0.3059424276
2107 -0.3058853648
6033 -0.3045593669
21643 -0.3029707655
22066 -0.3028443600
22136 -0.2990557816
22167 -0.2989987188
22191 -0.2980048442
22192 -0.2975817870
22195 -0.2975331093
22206 -0.2975247242
45957 -0.2974069167
100000 -0.3108146300
evaluations raw_y
1 -0.5360145565
2 -0.4883318897
6 -0.4874113250
8 -0.4467579823
27 -0.4428225783
59 -0.4229089007
88 -0.4220123447
112 -0.4160470101
118 -0.4152363549
131 -0.4116716671
142 -0.4103055864
150 -0.4095187177
161 -0.4076640612
166 -0.4053279876
182 -0.4018409300
185 -0.3995560252
217 -0.3925279707
229 -0.3924360308
242 -0.3901803905
254 -0.3894583372
265 -0.3875141072
267 -0.3864919105
285 -0.3830048529
305 -0.3753256608
359 -0.3743184052
366 -0.3709617662
409 -0.3684593554
439 -0.3644550278
443 -0.3619479630
447 -0.3609343270
485 -0.3589709895
500 -0.3548720016
544 -0.3500917951
570 -0.3500462312
577 -0.3478767991
589 -0.3463013631
601 -0.3422360982
646 -0.3409949175
726 -0.3403284411
732 -0.3373260719
771 -0.3354566552
811 -0.3331772068
826 -0.3328456327
828 -0.3277491398
866 -0.3235477899
918 -0.3215844781
945 -0.3200450329
960 -0.3190968766
981 -0.3186167566
1085 -0.3180878647
1125 -0.3174741568
1145 -0.3173468474
1151 -0.3170666939
1152 -0.3163774545
1217 -0.3161165572
1293 -0.3159711943
1302 -0.3152301769
1354 -0.3150953863
1543 -0.3097841356
1671 -0.3097757505
2997 -0.3096353659
3039 -0.3096269807
3058 -0.3094868199
3072 -0.3091468607
3687 -0.3082438933
3771 -0.3081608220
3803 -0.3078292479
3855 -0.3078208628
12874 -0.3062642687
13006 -0.3023522447
13034 -0.3023438595
13852 -0.3002919758
14074 -0.3002835907
14648 -0.2976669076
14785 -0.2973353335
29887 -0.2958284584
30291 -0.2958200732
41197 -0.2955950807
41333 -0.2955053167
41346 -0.2950251967
41444 -0.2933899662
41491 -0.2928200823
100000 -0.3059276157
evaluations raw_y
1 -0.4504180802
16 -0.4389039114
43 -0.4379665257
56 -0.4288363612
89 -0.4272491631
94 -0.4211057501
108 -0.4152430401
126 -0.4102751370
128 -0.4067846237
145 -0.4031896480
153 -0.3941902113
176 -0.3859180363
243 -0.3799811484
268 -0.3770515442
275 -0.3764194199
300 -0.3754530258
314 -0.3703727288
317 -0.3632264125
361 -0.3583229278
369 -0.3575590015
397 -0.3485887823
444 -0.3430423146
485 -0.3408671528
502 -0.3377420872
522 -0.3340144489
536 -0.3299792491
587 -0.3249568668
643 -0.3245043614
692 -0.3228318113
786 -0.3224021749
788 -0.3220446704
801 -0.3206578013
824 -0.3202417179
884 -0.3167526623
978 -0.3160566115
1079 -0.3158497019
1188 -0.3155764915
1220 -0.3143406383
1295 -0.3136445875
1300 -0.3131644675
1306 -0.3131560824
1390 -0.3074619833
1483 -0.3074535982
14017 -0.3073357907
19433 -0.3058205303
20290 -0.3054697582
20321 -0.3054613731
20344 -0.3050302167
20345 -0.3044603327
20355 -0.3001021773
20409 -0.2991011370
37416 -0.2975125356
37700 -0.2973861301
38111 -0.2928075116
38144 -0.2926830765
38147 -0.2923980683
38194 -0.2920664943
100000 -0.3046290709
evaluations raw_y
1 -0.5378656763
2 -0.5184589741
3 -0.4915767556
6 -0.4715784779
10 -0.4479209063
61 -0.4463567676
92 -0.4390096734
93 -0.4338482073
111 -0.4334745107
124 -0.4244591125
146 -0.4232554973
148 -0.4116263200
161 -0.4047870773
176 -0.4016904528
186 -0.3999439228
194 -0.3961352848
203 -0.3946622361
226 -0.3934596137
234 -0.3891838937
242 -0.3848019284
261 -0.3811173326
268 -0.3795164371
276 -0.3670527330
310 -0.3662730389
322 -0.3619576123
348 -0.3594950681
378 -0.3488837526
415 -0.3459166571
441 -0.3441306023
445 -0.3377882833
496 -0.3348348863
527 -0.3294614462
577 -0.3257432193
600 -0.3254726607
626 -0.3240662505
640 -0.3230890893
652 -0.3207559385
662 -0.3159106328
783 -0.3130560041
811 -0.3108523178
890 -0.3103211398
925 -0.3082919772
990 -0.3076753949
1012 -0.3076670098
1058 -0.3075489895
1113 -0.3075406043
1135 -0.3070218299
1242 -0.3067866917
1269 -0.3064782797
1313 -0.3049365227
1318 -0.3008134908
1387 -0.3007564280
1483 -0.3007480428
1830 -0.3000789902
1879 -0.2997474161
2070 -0.2997390310
2273 -0.2990543088
2436 -0.2985658036
2460 -0.2985171260
2606 -0.2985087408
3516 -0.2977833460
3537 -0.2977749609
6785 -0.2969884695
7623 -0.2969800844
7682 -0.2953915522
7761 -0.2947749700
29710 -0.2947159642
29753 -0.2946345853
29873 -0.2941460802
38597 -0.2931516563
38606 -0.2928284674
38628 -0.2928200823
100000 -0.3031187882
evaluations raw_y
1 -0.5096511531
2 -0.4822974014
4 -0.4518863091
29 -0.4497199182
41 -0.4171516572
74 -0.4159592271
112 -0.4136385401
113 -0.4045618343
126 -0.4014221524
130 -0.3995708728
175 -0.3965249222
178 -0.3943115978
190 -0.3927434096
191 -0.3920220988
197 -0.3893019101
198 -0.3880510385
212 -0.3775097553
223 -0.3772849390
249 -0.3719185073
264 -0.3714737099
305 -0.3707260772
308 -0.3691182723
322 -0.3610274610
425 -0.3604876715
440 -0.3574399824
481 -0.3563321693
496 -0.3526807878
518 -0.3513981608
564 -0.3490489266
582 -0.3456082201
655 -0.3442197968
669 -0.3406519408
730 -0.3396643316
747 -0.3390238593
774 -0.3373040014
784 -0.3365633626
851 -0.3351251541
866 -0.3350418242
909 -0.3347343965
934 -0.3324722193
1003 -0.3322140103
1006 -0.3314711789
1027 -0.3312129700
1079 -0.3301937644
1114 -0.3287722935
1136 -0.3281640964
1138 -0.3264729282
1193 -0.3242854216
1230 -0.3235778002
1342 -0.3202524427
1407 -0.3202057444
1468 -0.3197256244
1469 -0.3190986777
1500 -0.3141898192
1603 -0.3137096992
1762 -0.3137013140
1841 -0.3136526364
1844 -0.3136442512
3572 -0.3107447920
3707 -0.3101749081
3748 -0.3101665229
4656 -0.3071399200
4709 -0.3066354840
4748 -0.3031061524
4813 -0.3026344175
4885 -0.3020645336
4909 -0.3020561484
5764 -0.3000474426
5825 -0.2974153018
5848 -0.2974069167
100000 -0.3244851037
evaluations raw_y
1 -0.4913868217
5 -0.4600476399
16 -0.4380465675
38 -0.4157523354
81 -0.4077411056
129 -0.4055476973
131 -0.4028771077
147 -0.3970766525
148 -0.3930101533
171 -0.3926785793
183 -0.3879357688
194 -0.3861533090
212 -0.3827260244
219 -0.3814676999
236 -0.3787660508
264 -0.3726017421
311 -0.3662477599
331 -0.3606992625
383 -0.3579684059
394 -0.3578317429
395 -0.3563171969
402 -0.3445957000
462 -0.3424407478
469 -0.3418928269
486 -0.3406686615
490 -0.3406338336
509 -0.3380076136
517 -0.3379797036
545 -0.3377475639
576 -0.3362221891
588 -0.3358238069
596 -0.3326013080
601 -0.3325587232
604 -0.3290087703
623 -0.3263874283
655 -0.3222768758
679 -0.3166018886
745 -0.3148209861
747 -0.3128685761
769 -0.3112426928
796 -0.3062887042
842 -0.3050962741
925 -0.3050392113
930 -0.3044427090
938 -0.3044002233
962 -0.3033462449
986 -0.3026893278
1016 -0.3023611058
1024 -0.3011205722
1075 -0.3010635094
1102 -0.3006931997
1104 -0.3004252053
1113 -0.2993526139
1140 -0.2983715548
1162 -0.2980399808
1227 -0.2976555227
1299 -0.2974528574
1320 -0.2970389404
1404 -0.2965047011
1455 -0.2963785342
1462 -0.2958002651
44171 -0.2955466052
44197 -0.2950748703
44306 -0.2950664852
100000 -0.3023621861
