evaluations raw_y evaporation_rate
1 -1284.0000000000 1.0000000000
2 -1245.0000000000 1.0000000000
35 -1206.0000000000 1.0000000000
39 -1167.0000000000 1.0000000000
105 -1138.0000000000 1.0000000000
108 -1099.0000000000 1.0000000000
121 -1060.0000000000 1.0000000000
149 -1031.0000000000 1.0000000000
195 -1021.0000000000 1.0000000000
216 -982.0000000000 1.0000000000
226 -943.0000000000 1.0000000000
416 -904.0000000000 1.0000000000
425 -865.0000000000 1.0000000000
442 -826.0000000000 1.0000000000
514 -787.0000000000 1.0000000000
539 -758.0000000000 1.0000000000
561 -719.0000000000 1.0000000000
621 -680.0000000000 1.0000000000
673 -651.0000000000 1.0000000000
729 -612.0000000000 1.0000000000
769 -573.0000000000 1.0000000000
780 -534.0000000000 1.0000000000
786 -466.0000000000 1.0000000000
814 -457.0000000000 1.0000000000
838 -428.0000000000 1.0000000000
844 -389.0000000000 1.0000000000
982 -350.0000000000 1.0000000000
985 -321.0000000000 1.0000000000
1004 -292.0000000000 1.0000000000
1033 -273.0000000000 1.0000000000
1084 -234.0000000000 1.0000000000
1204 -205.0000000000 1.0000000000
1224 -176.0000000000 1.0000000000
1409 -147.0000000000 1.0000000000
1411 -138.0000000000 1.0000000000
1452 -119.0000000000 1.0000000000
1605 -110.0000000000 1.0000000000
1629 -81.0000000000 1.0000000000
1739 -52.0000000000 1.0000000000
1745 -43.0000000000 1.0000000000
1756 -42.0000000000 1.0000000000
1846 -33.0000000000 1.0000000000
1852 -32.0000000000 1.0000000000
2056 -22.0000000000 1.0000000000
2097 -13.0000000000 1.0000000000
2457 -12.0000000000 1.0000000000
3131 7.0000000000 1.0000000000
100000 7.0000000000 1.0000000000
evaluations raw_y evaporation_rate
1 -1527.0000000000 1.0000000000
21 -1488.0000000000 1.0000000000
30 -1449.0000000000 1.0000000000
51 -1381.0000000000 1.0000000000
68 -1342.0000000000 1.0000000000
70 -1303.0000000000 1.0000000000
99 -1264.0000000000 1.0000000000
147 -1225.0000000000 1.0000000000
158 -1186.0000000000 1.0000000000
160 -1147.0000000000 1.0000000000
178 -1108.0000000000 1.0000000000
219 -1079.0000000000 1.0000000000
220 -1040.0000000000 1.0000000000
239 -1001.0000000000 1.0000000000
259 -972.0000000000 1.0000000000
334 -943.0000000000 1.0000000000
403 -904.0000000000 1.0000000000
462 -865.0000000000 1.0000000000
508 -826.0000000000 1.0000000000
537 -797.0000000000 1.0000000000
633 -768.0000000000 1.0000000000
750 -749.0000000000 1.0000000000
798 -681.0000000000 1.0000000000
800 -642.0000000000 1.0000000000
804 -603.0000000000 1.0000000000
828 -564.0000000000 1.0000000000
852 -554.0000000000 1.0000000000
935 -525.0000000000 1.0000000000
957 -506.0000000000 1.0000000000
1099 -467.0000000000 1.0000000000
1133 -438.0000000000 1.0000000000
1137 -399.0000000000 1.0000000000
1159 -360.0000000000 1.0000000000
1192 -321.0000000000 1.0000000000
1279 -282.0000000000 1.0000000000
1299 -253.0000000000 1.0000000000
1324 -224.0000000000 1.0000000000
1400 -195.0000000000 1.0000000000
1412 -176.0000000000 1.0000000000
1457 -147.0000000000 1.0000000000
1484 -118.0000000000 1.0000000000
1497 -89.0000000000 1.0000000000
1585 -70.0000000000 1.0000000000
1606 -61.0000000000 1.0000000000
1722 -60.0000000000 1.0000000000
1786 -51.0000000000 1.0000000000
1790 -42.0000000000 1.0000000000
1966 -33.0000000000 1.0000000000
2046 -32.0000000000 1.0000000000
2484 -13.0000000000 1.0000000000
2882 -4.0000000000 1.0000000000
2909 5.0000000000 1.0000000000
3041 6.0000000000 1.0000000000
3779 7.0000000000 1.0000000000
6106 8.0000000000 1.0000000000
100000 8.0000000000 1.0000000000
evaluations raw_y evaporation_rate
1 -1352.0000000000 1.0000000000
5 -1313.0000000000 1.0000000000
51 -1284.0000000000 1.0000000000
72 -1245.0000000000 1.0000000000
102 -1206.0000000000 1.0000000000
113 -1177.0000000000 1.0000000000
150 -1138.0000000000 1.0000000000
156 -1099.0000000000 1.0000000000
213 -1060.0000000000 1.0000000000
240 -1050.0000000000 1.0000000000
268 -1011.0000000000 1.0000000000
334 -972.0000000000 1.0000000000
354 -933.0000000000 1.0000000000
380 -894.0000000000 1.0000000000
426 -855.0000000000 1.0000000000
440 -816.0000000000 1.0000000000
484 -787.0000000000 1.0000000000
507 -748.0000000000 1.0000000000
508 -719.0000000000 1.0000000000
529 -680.0000000000 1.0000000000
537 -651.0000000000 1.0000000000
604 -622.0000000000 1.0000000000
641 -593.0000000000 1.0000000000
649 -554.0000000000 1.0000000000
677 -515.0000000000 1.0000000000
683 -476.0000000000 1.0000000000
695 -447.0000000000 1.0000000000
723 -428.0000000000 1.0000000000
811 -389.0000000000 1.0000000000
874 -360.0000000000 1.0000000000
890 -331.0000000000 1.0000000000
939 -302.0000000000 1.0000000000
976 -273.0000000000 1.0000000000
1046 -234.0000000000 1.0000000000
1113 -205.0000000000 1.0000000000
1116 -186.0000000000 1.0000000000
1258 -167.0000000000 1.0000000000
1481 -138.0000000000 1.0000000000
1625 -109.0000000000 1.0000000000
1689 -90.0000000000 1.0000000000
1728 -71.0000000000 1.0000000000
2063 -52.0000000000 1.0000000000
2140 -33.0000000000 1.0000000000
2159 -24.0000000000 1.0000000000
2453 -15.0000000000 1.0000000000
2590 -14.0000000000 1.0000000000
2722 -13.0000000000 1.0000000000
2907 -12.0000000000 1.0000000000
3051 -11.0000000000 1.0000000000
3228 -10.0000000000 1.0000000000
3483 -1.0000000000 1.0000000000
3959 8.0000000000 1.0000000000
100000 8.0000000000 1.0000000000
evaluations raw_y evaporation_rate
1 -1458.0000000000 1.0000000000
6 -1419.0000000000 1.0000000000
25 -1380.0000000000 1.0000000000
37 -1341.0000000000 1.0000000000
48 -1312.0000000000 1.0000000000
51 -1273.0000000000 1.0000000000
73 -1205.0000000000 1.0000000000
85 -1176.0000000000 1.0000000000
127 -1137.0000000000 1.0000000000
140 -1098.0000000000 1.0000000000
197 -1059.0000000000 1.0000000000
203 -1020.0000000000 1.0000000000
308 -981.0000000000 1.0000000000
342 -942.0000000000 1.0000000000
343 -903.0000000000 1.0000000000
363 -864.0000000000 1.0000000000
367 -825.0000000000 1.0000000000
372 -786.0000000000 1.0000000000
456 -747.0000000000 1.0000000000
503 -708.0000000000 1.0000000000
544 -669.0000000000 1.0000000000
582 -630.0000000000 1.0000000000
609 -591.0000000000 1.0000000000
643 -572.0000000000 1.0000000000
652 -533.0000000000 1.0000000000
666 -504.0000000000 1.0000000000
728 -475.0000000000 1.0000000000
762 -436.0000000000 1.0000000000
893 -397.0000000000 1.0000000000
900 -378.0000000000 1.0000000000
954 -349.0000000000 1.0000000000
981 -340.0000000000 1.0000000000
1027 -331.0000000000 1.0000000000
1089 -330.0000000000 1.0000000000
1234 -291.0000000000 1.0000000000
1282 -252.0000000000 1.0000000000
1300 -233.0000000000 1.0000000000
1375 -204.0000000000 1.0000000000
1464 -175.0000000000 1.0000000000
1503 -156.0000000000 1.0000000000
1587 -137.0000000000 1.0000000000
1719 -128.0000000000 1.0000000000
1794 -99.0000000000 1.0000000000
1934 -80.0000000000 1.0000000000
2066 -71.0000000000 1.0000000000
2270 -62.0000000000 1.0000000000
2297 -61.0000000000 1.0000000000
2305 -42.0000000000 1.0000000000
2738 -23.0000000000 1.0000000000
3029 -22.0000000000 1.0000000000
3348 -3.0000000000 1.0000000000
3480 6.0000000000 1.0000000000
4124 7.0000000000 1.0000000000
4138 8.0000000000 1.0000000000
100000 8.0000000000 1.0000000000
evaluations raw_y evaporation_rate
1 -1332.0000000000 1.0000000000
8 -1303.0000000000 1.0000000000
18 -1264.0000000000 1.0000000000
21 -1196.0000000000 1.0000000000
36 -1167.0000000000 1.0000000000
85 -1128.0000000000 1.0000000000
108 -1099.0000000000 1.0000000000
143 -1060.0000000000 1.0000000000
186 -1021.0000000000 1.0000000000
195 -982.0000000000 1.0000000000
237 -943.0000000000 1.0000000000
276 -904.0000000000 1.0000000000
282 -865.0000000000 1.0000000000
304 -826.0000000000 1.0000000000
317 -787.0000000000 1.0000000000
326 -748.0000000000 1.0000000000
336 -709.0000000000 1.0000000000
351 -680.0000000000 1.0000000000
406 -641.0000000000 1.0000000000
477 -612.0000000000 1.0000000000
478 -573.0000000000 1.0000000000
500 -544.0000000000 1.0000000000
503 -505.0000000000 1.0000000000
511 -466.0000000000 1.0000000000
527 -427.0000000000 1.0000000000
545 -388.0000000000 1.0000000000
604 -369.0000000000 1.0000000000
852 -360.0000000000 1.0000000000
858 -331.0000000000 1.0000000000
887 -312.0000000000 1.0000000000
931 -283.0000000000 1.0000000000
936 -244.0000000000 1.0000000000
977 -205.0000000000 1.0000000000
983 -186.0000000000 1.0000000000
1050 -157.0000000000 1.0000000000
1052 -138.0000000000 1.0000000000
1221 -109.0000000000 1.0000000000
1239 -100.0000000000 1.0000000000
1245 -71.0000000000 1.0000000000
1252 -70.0000000000 1.0000000000
1740 -51.0000000000 1.0000000000
1795 -32.0000000000 1.0000000000
1828 -13.0000000000 1.0000000000
1967 -4.0000000000 1.0000000000
2004 -3.0000000000 1.0000000000
2062 -2.0000000000 1.0000000000
2334 7.0000000000 1.0000000000
100000 7.0000000000 1.0000000000
evaluations raw_y evaporation_rate
1 -1547.0000000000 1.0000000000
34 -1518.0000000000 1.0000000000
51 -1479.0000000000 1.0000000000
60 -1450.0000000000 1.0000000000
64 -1411.0000000000 1.0000000000
79 -1382.0000000000 1.0000000000
96 -1343.0000000000 1.0000000000
114 -1304.0000000000 1.0000000000
148 -1265.0000000000 1.0000000000
149 -1226.0000000000 1.0000000000
170 -1187.0000000000 1.0000000000
177 -1148.0000000000 1.0000000000
272 -1109.0000000000 1.0000000000
277 -1070.0000000000 1.0000000000
284 -1031.0000000000 1.0000000000
295 -992.0000000000 1.0000000000
305 -953.0000000000 1.0000000000
319 -914.0000000000 1.0000000000
324 -875.0000000000 1.0000000000
337 -836.0000000000 1.0000000000
341 -797.0000000000 1.0000000000
373 -758.0000000000 1.0000000000
378 -719.0000000000 1.0000000000
381 -690.0000000000 1.0000000000
491 -651.0000000000 1.0000000000
576 -612.0000000000 1.0000000000
595 -573.0000000000 1.0000000000
646 -544.0000000000 1.0000000000
662 -505.0000000000 1.0000000000
669 -486.0000000000 1.0000000000
727 -457.0000000000 1.0000000000
749 -447.0000000000 1.0000000000
794 -408.0000000000 1.0000000000
970 -379.0000000000 1.0000000000
1100 -350.0000000000 1.0000000000
1103 -321.0000000000 1.0000000000
1123 -263.0000000000 1.0000000000
1260 -244.0000000000 1.0000000000
1301 -215.0000000000 1.0000000000
1304 -196.0000000000 1.0000000000
1312 -187.0000000000 1.0000000000
1324 -158.0000000000 1.0000000000
1416 -148.0000000000 1.0000000000
1444 -129.0000000000 1.0000000000
1626 -128.0000000000 1.0000000000
1690 -99.0000000000 1.0000000000
1764 -70.0000000000 1.0000000000
1917 -69.0000000000 1.0000000000
1949 -40.0000000000 1.0000000000
2125 -31.0000000000 1.0000000000
2233 -22.0000000000 1.0000000000
2258 -13.0000000000 1.0000000000
2373 -12.0000000000 1.0000000000
2691 -3.0000000000 1.0000000000
2992 6.0000000000 1.0000000000
3081 7.0000000000 1.0000000000
3179 8.0000000000 1.0000000000
5893 9.0000000000 1.0000000000
100000 9.0000000000 1.0000000000
evaluations raw_y evaporation_rate
1 -1468.0000000000 1.0000000000
60 -1429.0000000000 1.0000000000
67 -1390.0000000000 1.0000000000
93 -1351.0000000000 1.0000000000
94 -1312.0000000000 1.0000000000
106 -1273.0000000000 1.0000000000
148 -1234.0000000000 1.0000000000
184 -1195.0000000000 1.0000000000
196 -1156.0000000000 1.0000000000
209 -1117.0000000000 1.0000000000
321 -1088.0000000000 1.0000000000
390 -1049.0000000000 1.0000000000
408 -1010.0000000000 1.0000000000
410 -981.0000000000 1.0000000000
435 -942.0000000000 1.0000000000
480 -903.0000000000 1.0000000000
533 -874.0000000000 1.0000000000
573 -835.0000000000 1.0000000000
586 -796.0000000000 1.0000000000
605 -777.0000000000 1.0000000000
659 -738.0000000000 1.0000000000
678 -699.0000000000 1.0000000000
773 -660.0000000000 1.0000000000
823 -621.0000000000 1.0000000000
833 -592.0000000000 1.0000000000
949 -563.0000000000 1.0000000000
973 -534.0000000000 1.0000000000
1159 -505.0000000000 1.0000000000
1175 -466.0000000000 1.0000000000
1194 -427.0000000000 1.0000000000
1299 -398.0000000000 1.0000000000
1340 -359.0000000000 1.0000000000
1412 -330.0000000000 1.0000000000
1424 -311.0000000000 1.0000000000
1585 -292.0000000000 1.0000000000
1663 -263.0000000000 1.0000000000
1691 -244.0000000000 1.0000000000
1709 -215.0000000000 1.0000000000
1753 -186.0000000000 1.0000000000
1848 -167.0000000000 1.0000000000
2137 -138.0000000000 1.0000000000
2241 -109.0000000000 1.0000000000
2271 -90.0000000000 1.0000000000
2292 -71.0000000000 1.0000000000
2308 -52.0000000000 1.0000000000
2311 -51.0000000000 1.0000000000
2329 -42.0000000000 1.0000000000
2467 -41.0000000000 1.0000000000
2628 -40.0000000000 1.0000000000
2719 -31.0000000000 1.0000000000
2999 -30.0000000000 1.0000000000
3270 -21.0000000000 1.0000000000
3316 -20.0000000000 1.0000000000
3376 -11.0000000000 1.0000000000
3677 -2.0000000000 1.0000000000
3832 -1.0000000000 1.0000000000
5156 8.0000000000 1.0000000000
6286 9.0000000000 1.0000000000
100000 9.0000000000 1.0000000000
evaluations raw_y evaporation_rate
1 -1332.0000000000 1.0000000000
57 -1293.0000000000 1.0000000000
73 -1254.0000000000 1.0000000000
76 -1215.0000000000 1.0000000000
81 -1176.0000000000 1.0000000000
90 -1147.0000000000 1.0000000000
122 -1108.0000000000 1.0000000000
123 -1079.0000000000 1.0000000000
180 -1050.0000000000 1.0000000000
229 -1011.0000000000 1.0000000000
340 -972.0000000000 1.0000000000
388 -943.0000000000 1.0000000000
414 -904.0000000000 1.0000000000
432 -865.0000000000 1.0000000000
495 -826.0000000000 1.0000000000
514 -787.0000000000 1.0000000000
554 -758.0000000000 1.0000000000
558 -719.0000000000 1.0000000000
621 -690.0000000000 1.0000000000
644 -661.0000000000 1.0000000000
660 -632.0000000000 1.0000000000
764 -603.0000000000 1.0000000000
766 -564.0000000000 1.0000000000
804 -545.0000000000 1.0000000000
819 -506.0000000000 1.0000000000
832 -467.0000000000 1.0000000000
908 -428.0000000000 1.0000000000
965 -389.0000000000 1.0000000000
1178 -370.0000000000 1.0000000000
1239 -341.0000000000 1.0000000000
1258 -302.0000000000 1.0000000000
1387 -273.0000000000 1.0000000000
1515 -244.0000000000 1.0000000000
1666 -205.0000000000 1.0000000000
1678 -166.0000000000 1.0000000000
1930 -137.0000000000 1.0000000000
1991 -128.0000000000 1.0000000000
2005 -99.0000000000 1.0000000000
2018 -90.0000000000 1.0000000000
2019 -61.0000000000 1.0000000000
2256 -42.0000000000 1.0000000000
2430 -23.0000000000 1.0000000000
2466 -4.0000000000 1.0000000000
2608 5.0000000000 1.0000000000
3024 6.0000000000 1.0000000000
3603 7.0000000000 1.0000000000
4131 8.0000000000 1.0000000000
100000 8.0000000000 1.0000000000
evaluations raw_y evaporation_rate
1 -1089.0000000000 1.0000000000
10 -1050.0000000000 1.0000000000
12 -1021.0000000000 1.0000000000
38 -982.0000000000 1.0000000000
72 -943.0000000000 1.0000000000
76 -914.0000000000 1.0000000000
81 -875.0000000000 1.0000000000
108 -836.0000000000 1.0000000000
134 -797.0000000000 1.0000000000
168 -768.0000000000 1.0000000000
172 -729.0000000000 1.0000000000
208 -690.0000000000 1.0000000000
253 -651.0000000000 1.0000000000
382 -622.0000000000 1.0000000000
490 -583.0000000000 1.0000000000
495 -544.0000000000 1.0000000000
519 -505.0000000000 1.0000000000
595 -476.0000000000 1.0000000000
656 -457.0000000000 1.0000000000
686 -418.0000000000 1.0000000000
897 -389.0000000000 1.0000000000
932 -360.0000000000 1.0000000000
1079 -341.0000000000 1.0000000000
1088 -312.0000000000 1.0000000000
1092 -283.0000000000 1.0000000000
1152 -254.0000000000 1.0000000000
1283 -225.0000000000 1.0000000000
1346 -206.0000000000 1.0000000000
1349 -177.0000000000 1.0000000000
1396 -148.0000000000 1.0000000000
1556 -119.0000000000 1.0000000000
1582 -100.0000000000 1.0000000000
1607 -81.0000000000 1.0000000000
1674 -62.0000000000 1.0000000000
1720 -43.0000000000 1.0000000000
1756 -42.0000000000 1.0000000000
1810 -33.0000000000 1.0000000000
1863 -14.0000000000 1.0000000000
1969 -5.0000000000 1.0000000000
2081 -4.0000000000 1.0000000000
2290 -3.0000000000 1.0000000000
2326 -2.0000000000 1.0000000000
2576 -1.0000000000 1.0000000000
3561 8.0000000000 1.0000000000
100000 8.0000000000 1.0000000000
evaluations raw_y evaporation_rate
1 -1439.0000000000 1.0000000000
16 -1400.0000000000 1.0000000000
33 -1390.0000000000 1.0000000000
65 -1351.0000000000 1.0000000000
153 -1312.0000000000 1.0000000000
178 -1273.0000000000 1.0000000000
231 -1244.0000000000 1.0000000000
247 -1215.0000000000 1.0000000000
254 -1176.0000000000 1.0000000000
287 -1137.0000000000 1.0000000000
310 -1098.0000000000 1.0000000000
321 -1059.0000000000 1.0000000000
350 -1020.0000000000 1.0000000000
383 -981.0000000000 1.0000000000
417 -942.0000000000 1.0000000000
470 -903.0000000000 1.0000000000
477 -864.0000000000 1.0000000000
478 -835.0000000000 1.0000000000
491 -806.0000000000 1.0000000000
497 -787.0000000000 1.0000000000
519 -748.0000000000 1.0000000000
530 -709.0000000000 1.0000000000
566 -670.0000000000 1.0000000000
587 -641.0000000000 1.0000000000
595 -602.0000000000 1.0000000000
611 -563.0000000000 1.0000000000
707 -534.0000000000 1.0000000000
781 -495.0000000000 1.0000000000
792 -466.0000000000 1.0000000000
824 -427.0000000000 1.0000000000
825 -408.0000000000 1.0000000000
847 -369.0000000000 1.0000000000
886 -350.0000000000 1.0000000000
945 -331.0000000000 1.0000000000
1044 -302.0000000000 1.0000000000
1098 -273.0000000000 1.0000000000
1171 -254.0000000000 1.0000000000
1297 -215.0000000000 1.0000000000
1402 -186.0000000000 1.0000000000
1412 -157.0000000000 1.0000000000
1430 -128.0000000000 1.0000000000
1745 -119.0000000000 1.0000000000
1816 -90.0000000000 1.0000000000
1828 -71.0000000000 1.0000000000
2093 -52.0000000000 1.0000000000
2259 -43.0000000000 1.0000000000
2284 -34.0000000000 1.0000000000
2392 -33.0000000000 1.0000000000
2440 -24.0000000000 1.0000000000
2489 -5.0000000000 1.0000000000
2517 -4.0000000000 1.0000000000
2538 -3.0000000000 1.0000000000
2615 6.0000000000 1.0000000000
2774 7.0000000000 1.0000000000
3705 8.0000000000 1.0000000000
100000 8.0000000000 1.0000000000
evaluations raw_y evaporation_rate
1 -1284.0000000000 0.1000000000
3 -1128.0000000000 0.1000000000
7 -1118.0000000000 0.1000000000
15 -1089.0000000000 0.1000000000
17 -1021.0000000000 0.1000000000
22 -953.0000000000 0.1000000000
27 -710.0000000000 0.1000000000
44 -700.0000000000 0.1000000000
46 -671.0000000000 0.1000000000
58 -632.0000000000 0.1000000000
105 -593.0000000000 0.1000000000
121 -554.0000000000 0.1000000000
149 -525.0000000000 0.1000000000
183 -486.0000000000 0.1000000000
216 -447.0000000000 0.1000000000
251 -418.0000000000 0.1000000000
265 -389.0000000000 0.1000000000
285 -360.0000000000 0.1000000000
369 -341.0000000000 0.1000000000
414 -302.0000000000 0.1000000000
442 -273.0000000000 0.1000000000
497 -234.0000000000 0.1000000000
673 -205.0000000000 0.1000000000
729 -186.0000000000 0.1000000000
786 -128.0000000000 0.1000000000
830 -99.0000000000 0.1000000000
855 -70.0000000000 0.1000000000
928 -51.0000000000 0.1000000000
1033 -22.0000000000 0.1000000000
1050 -21.0000000000 0.1000000000
2097 -2.0000000000 0.1000000000
2199 7.0000000000 0.1000000000
100000 7.0000000000 0.1000000000
evaluations raw_y evaporation_rate
1 -1527.0000000000 0.1000000000
2 -1400.0000000000 0.1000000000
4 -1381.0000000000 0.1000000000
5 -1283.0000000000 0.1000000000
12 -1254.0000000000 0.1000000000
13 -1244.0000000000 0.1000000000
14 -1234.0000000000 0.1000000000
21 -1059.0000000000 0.1000000000
31 -991.0000000000 0.1000000000
38 -893.0000000000 0.1000000000
42 -855.0000000000 0.1000000000
56 -816.0000000000 0.1000000000
60 -777.0000000000 0.1000000000
71 -738.0000000000 0.1000000000
87 -699.0000000000 0.1000000000
121 -670.0000000000 0.1000000000
135 -612.0000000000 0.1000000000
151 -583.0000000000 0.1000000000
155 -573.0000000000 0.1000000000
160 -505.0000000000 0.1000000000
229 -476.0000000000 0.1000000000
243 -437.0000000000 0.1000000000
295 -418.0000000000 0.1000000000
298 -399.0000000000 0.1000000000
459 -360.0000000000 0.1000000000
508 -321.0000000000 0.1000000000
732 -292.0000000000 0.1000000000
784 -263.0000000000 0.1000000000
798 -234.0000000000 0.1000000000
828 -205.0000000000 0.1000000000
890 -186.0000000000 0.1000000000
935 -167.0000000000 0.1000000000
957 -148.0000000000 0.1000000000
1137 -119.0000000000 0.1000000000
1150 -118.0000000000 0.1000000000
1233 -99.0000000000 0.1000000000
1247 -90.0000000000 0.1000000000
1351 -71.0000000000 0.1000000000
1496 -62.0000000000 0.1000000000
1585 -43.0000000000 0.1000000000
1722 -42.0000000000 0.1000000000
1911 -23.0000000000 0.1000000000
2046 -22.0000000000 0.1000000000
2266 -21.0000000000 0.1000000000
2444 -12.0000000000 0.1000000000
2484 -3.0000000000 0.1000000000
2925 6.0000000000 0.1000000000
3039 7.0000000000 0.1000000000
3272 8.0000000000 0.1000000000
3546 9.0000000000 0.1000000000
3644 10.0000000000 0.1000000000
evaluations raw_y evaporation_rate
1 -1420.0000000000 0.1000000000
2 -1128.0000000000 0.1000000000
11 -1108.0000000000 0.1000000000
12 -865.0000000000 0.1000000000
21 -690.0000000000 0.1000000000
51 -661.0000000000 0.1000000000
57 -622.0000000000 0.1000000000
299 -583.0000000000 0.1000000000
308 -544.0000000000 0.1000000000
322 -515.0000000000 0.1000000000
340 -476.0000000000 0.1000000000
476 -457.0000000000 0.1000000000
511 -428.0000000000 0.1000000000
550 -399.0000000000 0.1000000000
562 -370.0000000000 0.1000000000
659 -361.0000000000 0.1000000000
679 -342.0000000000 0.1000000000
714 -303.0000000000 0.1000000000
810 -264.0000000000 0.1000000000
820 -245.0000000000 0.1000000000
842 -226.0000000000 0.1000000000
942 -197.0000000000 0.1000000000
1071 -188.0000000000 0.1000000000
1145 -159.0000000000 0.1000000000
1161 -130.0000000000 0.1000000000
1221 -91.0000000000 0.1000000000
1441 -82.0000000000 0.1000000000
1491 -81.0000000000 0.1000000000
1603 -52.0000000000 0.1000000000
1653 -51.0000000000 0.1000000000
1734 -32.0000000000 0.1000000000
1894 -23.0000000000 0.1000000000
2208 -22.0000000000 0.1000000000
2212 -14.0000000000 0.1000000000
2240 -13.0000000000 0.1000000000
2251 -12.0000000000 0.1000000000
2457 -11.0000000000 0.1000000000
3116 -2.0000000000 0.1000000000
3148 7.0000000000 0.1000000000
4731 8.0000000000 0.1000000000
100000 8.0000000000 0.1000000000
evaluations raw_y evaporation_rate
1 -1294.0000000000 0.1000000000
5 -1264.0000000000 0.1000000000
6 -1225.0000000000 0.1000000000
15 -1118.0000000000 0.1000000000
19 -1059.0000000000 0.1000000000
27 -1030.0000000000 0.1000000000
33 -991.0000000000 0.1000000000
37 -972.0000000000 0.1000000000
38 -894.0000000000 0.1000000000
50 -855.0000000000 0.1000000000
54 -787.0000000000 0.1000000000
64 -777.0000000000 0.1000000000
65 -738.0000000000 0.1000000000
71 -709.0000000000 0.1000000000
131 -680.0000000000 0.1000000000
244 -651.0000000000 0.1000000000
298 -622.0000000000 0.1000000000
405 -593.0000000000 0.1000000000
439 -564.0000000000 0.1000000000
507 -525.0000000000 0.1000000000
521 -496.0000000000 0.1000000000
526 -457.0000000000 0.1000000000
528 -447.0000000000 0.1000000000
530 -418.0000000000 0.1000000000
553 -399.0000000000 0.1000000000
657 -360.0000000000 0.1000000000
861 -321.0000000000 0.1000000000
911 -292.0000000000 0.1000000000
1104 -263.0000000000 0.1000000000
1199 -234.0000000000 0.1000000000
1205 -205.0000000000 0.1000000000
1317 -176.0000000000 0.1000000000
1335 -167.0000000000 0.1000000000
1369 -138.0000000000 0.1000000000
1499 -99.0000000000 0.1000000000
1608 -70.0000000000 0.1000000000
1774 -61.0000000000 0.1000000000
1787 -52.0000000000 0.1000000000
1865 -33.0000000000 0.1000000000
1980 -32.0000000000 0.1000000000
2464 -13.0000000000 0.1000000000
2814 -12.0000000000 0.1000000000
2825 -11.0000000000 0.1000000000
3380 -2.0000000000 0.1000000000
4036 -1.0000000000 0.1000000000
4321 8.0000000000 0.1000000000
6847 9.0000000000 0.1000000000
100000 8.0000000000 0.1000000000
evaluations raw_y evaporation_rate
1 -1624.0000000000 0.1000000000
2 -1536.0000000000 0.1000000000
4 -1448.0000000000 0.1000000000
5 -1264.0000000000 0.1000000000
7 -1088.0000000000 0.1000000000
16 -1069.0000000000 0.1000000000
20 -1059.0000000000 0.1000000000
22 -1020.0000000000 0.1000000000
25 -981.0000000000 0.1000000000
28 -884.0000000000 0.1000000000
44 -767.0000000000 0.1000000000
51 -738.0000000000 0.1000000000
55 -689.0000000000 0.1000000000
74 -660.0000000000 0.1000000000
121 -631.0000000000 0.1000000000
170 -611.0000000000 0.1000000000
173 -592.0000000000 0.1000000000
254 -583.0000000000 0.1000000000
289 -544.0000000000 0.1000000000
309 -515.0000000000 0.1000000000
396 -486.0000000000 0.1000000000
420 -467.0000000000 0.1000000000
502 -428.0000000000 0.1000000000
522 -389.0000000000 0.1000000000
548 -350.0000000000 0.1000000000
561 -321.0000000000 0.1000000000
587 -302.0000000000 0.1000000000
598 -273.0000000000 0.1000000000
701 -244.0000000000 0.1000000000
738 -215.0000000000 0.1000000000
770 -176.0000000000 0.1000000000
783 -157.0000000000 0.1000000000
866 -118.0000000000 0.1000000000
966 -89.0000000000 0.1000000000
1023 -60.0000000000 0.1000000000
1404 -41.0000000000 0.1000000000
1470 -22.0000000000 0.1000000000
1705 -21.0000000000 0.1000000000
1740 -12.0000000000 0.1000000000
1982 -3.0000000000 0.1000000000
2096 -2.0000000000 0.1000000000
2491 7.0000000000 0.1000000000
2981 8.0000000000 0.1000000000
100000 8.0000000000 0.1000000000
evaluations raw_y evaporation_rate
1 -1722.0000000000 0.1000000000
2 -1517.0000000000 0.1000000000
3 -1420.0000000000 0.1000000000
4 -1215.0000000000 0.1000000000
11 -1157.0000000000 0.1000000000
17 -1069.0000000000 0.1000000000
20 -1050.0000000000 0.1000000000
26 -1040.0000000000 0.1000000000
27 -904.0000000000 0.1000000000
30 -787.0000000000 0.1000000000
44 -758.0000000000 0.1000000000
52 -719.0000000000 0.1000000000
55 -690.0000000000 0.1000000000
67 -661.0000000000 0.1000000000
124 -622.0000000000 0.1000000000
149 -583.0000000000 0.1000000000
221 -544.0000000000 0.1000000000
265 -505.0000000000 0.1000000000
351 -486.0000000000 0.1000000000
384 -447.0000000000 0.1000000000
412 -408.0000000000 0.1000000000
420 -379.0000000000 0.1000000000
456 -340.0000000000 0.1000000000
606 -311.0000000000 0.1000000000
659 -292.0000000000 0.1000000000
670 -253.0000000000 0.1000000000
677 -224.0000000000 0.1000000000
758 -205.0000000000 0.1000000000
770 -195.0000000000 0.1000000000
778 -176.0000000000 0.1000000000
874 -157.0000000000 0.1000000000
884 -138.0000000000 0.1000000000
1068 -119.0000000000 0.1000000000
1244 -100.0000000000 0.1000000000
1251 -91.0000000000 0.1000000000
1459 -90.0000000000 0.1000000000
1509 -89.0000000000 0.1000000000
1663 -70.0000000000 0.1000000000
1723 -69.0000000000 0.1000000000
1741 -60.0000000000 0.1000000000
1743 -51.0000000000 0.1000000000
1933 -50.0000000000 0.1000000000
2075 -41.0000000000 0.1000000000
2113 -31.0000000000 0.1000000000
2115 -22.0000000000 0.1000000000
2167 -3.0000000000 0.1000000000
2510 -2.0000000000 0.1000000000
2538 -1.0000000000 0.1000000000
2615 8.0000000000 0.1000000000
100000 8.0000000000 0.1000000000
evaluations raw_y evaporation_rate
1 -1868.0000000000 0.1000000000
2 -1595.0000000000 0.1000000000
3 -1488.0000000000 0.1000000000
4 -1439.0000000000 0.1000000000
5 -1372.0000000000 0.1000000000
12 -1186.0000000000 0.1000000000
13 -963.0000000000 0.1000000000
15 -729.0000000000 0.1000000000
30 -632.0000000000 0.1000000000
55 -593.0000000000 0.1000000000
61 -535.0000000000 0.1000000000
102 -496.0000000000 0.1000000000
106 -457.0000000000 0.1000000000
166 -418.0000000000 0.1000000000
430 -389.0000000000 0.1000000000
511 -350.0000000000 0.1000000000
514 -331.0000000000 0.1000000000
535 -292.0000000000 0.1000000000
569 -263.0000000000 0.1000000000
637 -234.0000000000 0.1000000000
710 -205.0000000000 0.1000000000
787 -176.0000000000 0.1000000000
967 -157.0000000000 0.1000000000
984 -138.0000000000 0.1000000000
990 -128.0000000000 0.1000000000
1008 -109.0000000000 0.1000000000
1066 -90.0000000000 0.1000000000
1178 -89.0000000000 0.1000000000
1190 -70.0000000000 0.1000000000
1308 -41.0000000000 0.1000000000
1835 -22.0000000000 0.1000000000
1955 -13.0000000000 0.1000000000
1990 -12.0000000000 0.1000000000
2256 -11.0000000000 0.1000000000
3325 -2.0000000000 0.1000000000
3538 7.0000000000 0.1000000000
3710 8.0000000000 0.1000000000
100000 7.0000000000 0.1000000000
evaluations raw_y evaporation_rate
1 -1527.0000000000 0.1000000000
2 -1429.0000000000 0.1000000000
6 -1273.0000000000 0.1000000000
9 -1244.0000000000 0.1000000000
18 -1117.0000000000 0.1000000000
21 -1108.0000000000 0.1000000000
22 -1001.0000000000 0.1000000000
29 -835.0000000000 0.1000000000
41 -825.0000000000 0.1000000000
55 -796.0000000000 0.1000000000
58 -767.0000000000 0.1000000000
60 -757.0000000000 0.1000000000
69 -728.0000000000 0.1000000000
95 -670.0000000000 0.1000000000
118 -641.0000000000 0.1000000000
219 -612.0000000000 0.1000000000
231 -583.0000000000 0.1000000000
436 -564.0000000000 0.1000000000
437 -544.0000000000 0.1000000000
471 -505.0000000000 0.1000000000
522 -476.0000000000 0.1000000000
557 -408.0000000000 0.1000000000
625 -389.0000000000 0.1000000000
720 -350.0000000000 0.1000000000
753 -321.0000000000 0.1000000000
759 -302.0000000000 0.1000000000
766 -292.0000000000 0.1000000000
771 -273.0000000000 0.1000000000
1020 -254.0000000000 0.1000000000
1029 -235.0000000000 0.1000000000
1119 -216.0000000000 0.1000000000
1152 -177.0000000000 0.1000000000
1270 -148.0000000000 0.1000000000
1361 -119.0000000000 0.1000000000
1460 -100.0000000000 0.1000000000
1464 -90.0000000000 0.1000000000
1511 -71.0000000000 0.1000000000
1733 -52.0000000000 0.1000000000
1952 -51.0000000000 0.1000000000
2236 -32.0000000000 0.1000000000
2377 -23.0000000000 0.1000000000
2452 -22.0000000000 0.1000000000
2787 -21.0000000000 0.1000000000
3051 -20.0000000000 0.1000000000
3348 -1.0000000000 0.1000000000
4488 8.0000000000 0.1000000000
100000 8.0000000000 0.1000000000
evaluations raw_y evaporation_rate
1 -1897.0000000000 0.1000000000
3 -1654.0000000000 0.1000000000
4 -1244.0000000000 0.1000000000
8 -1225.0000000000 0.1000000000
11 -1196.0000000000 0.1000000000
14 -1118.0000000000 0.1000000000
15 -1031.0000000000 0.1000000000
21 -826.0000000000 0.1000000000
40 -797.0000000000 0.1000000000
42 -787.0000000000 0.1000000000
43 -758.0000000000 0.1000000000
47 -719.0000000000 0.1000000000
49 -700.0000000000 0.1000000000
55 -690.0000000000 0.1000000000
62 -661.0000000000 0.1000000000
74 -622.0000000000 0.1000000000
87 -583.0000000000 0.1000000000
123 -544.0000000000 0.1000000000
162 -515.0000000000 0.1000000000
261 -476.0000000000 0.1000000000
297 -447.0000000000 0.1000000000
318 -418.0000000000 0.1000000000
368 -389.0000000000 0.1000000000
386 -379.0000000000 0.1000000000
391 -350.0000000000 0.1000000000
510 -311.0000000000 0.1000000000
715 -282.0000000000 0.1000000000
895 -253.0000000000 0.1000000000
945 -224.0000000000 0.1000000000
1021 -195.0000000000 0.1000000000
1037 -185.0000000000 0.1000000000
1038 -156.0000000000 0.1000000000
1211 -137.0000000000 0.1000000000
1243 -108.0000000000 0.1000000000
1401 -99.0000000000 0.1000000000
1539 -80.0000000000 0.1000000000
1622 -51.0000000000 0.1000000000
1893 -32.0000000000 0.1000000000
1908 -23.0000000000 0.1000000000
2168 -4.0000000000 0.1000000000
2246 5.0000000000 0.1000000000
2341 6.0000000000 0.1000000000
2611 7.0000000000 0.1000000000
2970 8.0000000000 0.1000000000
3797 9.0000000000 0.1000000000
100000 9.0000000000 0.1000000000
evaluations raw_y evaporation_rate
1 -1361.0000000000 0.1000000000
3 -1303.0000000000 0.1000000000
4 -1108.0000000000 0.1000000000
11 -1059.0000000000 0.1000000000
13 -1049.0000000000 0.1000000000
17 -1030.0000000000 0.1000000000
27 -962.0000000000 0.1000000000
28 -913.0000000000 0.1000000000
37 -855.0000000000 0.1000000000
38 -835.0000000000 0.1000000000
39 -825.0000000000 0.1000000000
55 -776.0000000000 0.1000000000
61 -747.0000000000 0.1000000000
69 -708.0000000000 0.1000000000
117 -669.0000000000 0.1000000000
157 -630.0000000000 0.1000000000
170 -591.0000000000 0.1000000000
210 -572.0000000000 0.1000000000
439 -553.0000000000 0.1000000000
522 -524.0000000000 0.1000000000
534 -505.0000000000 0.1000000000
536 -495.0000000000 0.1000000000
540 -466.0000000000 0.1000000000
568 -427.0000000000 0.1000000000
749 -398.0000000000 0.1000000000
786 -379.0000000000 0.1000000000
795 -369.0000000000 0.1000000000
824 -340.0000000000 0.1000000000
916 -321.0000000000 0.1000000000
1030 -282.0000000000 0.1000000000
1045 -272.0000000000 0.1000000000
1048 -253.0000000000 0.1000000000
1142 -234.0000000000 0.1000000000
1178 -205.0000000000 0.1000000000
1244 -186.0000000000 0.1000000000
1316 -167.0000000000 0.1000000000
1371 -148.0000000000 0.1000000000
1428 -129.0000000000 0.1000000000
1488 -100.0000000000 0.1000000000
1683 -91.0000000000 0.1000000000
1787 -90.0000000000 0.1000000000
1816 -82.0000000000 0.1000000000
1820 -81.0000000000 0.1000000000
1841 -62.0000000000 0.1000000000
2099 -43.0000000000 0.1000000000
2125 -42.0000000000 0.1000000000
2279 -23.0000000000 0.1000000000
2498 -14.0000000000 0.1000000000
2579 -13.0000000000 0.1000000000
2633 -12.0000000000 0.1000000000
2902 -3.0000000000 0.1000000000
2976 -2.0000000000 0.1000000000
2990 7.0000000000 0.1000000000
3104 8.0000000000 0.1000000000
3916 9.0000000000 0.1000000000
100000 9.0000000000 0.1000000000
evaluations raw_y evaporation_rate
1 -1284.0000000000 0.0100000000
2 -1264.0000000000 0.0100000000
3 -1109.0000000000 0.0100000000
15 -1108.0000000000 0.0100000000
44 -1039.0000000000 0.0100000000
56 -933.0000000000 0.0100000000
84 -738.0000000000 0.0100000000
131 -709.0000000000 0.0100000000
159 -699.0000000000 0.0100000000
161 -690.0000000000 0.0100000000
166 -661.0000000000 0.0100000000
174 -641.0000000000 0.0100000000
175 -612.0000000000 0.0100000000
176 -593.0000000000 0.0100000000
198 -563.0000000000 0.0100000000
231 -554.0000000000 0.0100000000
241 -525.0000000000 0.0100000000
257 -514.0000000000 0.0100000000
278 -466.0000000000 0.0100000000
287 -447.0000000000 0.0100000000
288 -408.0000000000 0.0100000000
323 -398.0000000000 0.0100000000
328 -234.0000000000 0.0100000000
413 -204.0000000000 0.0100000000
447 -195.0000000000 0.0100000000
483 -176.0000000000 0.0100000000
505 -148.0000000000 0.0100000000
549 -147.0000000000 0.0100000000
570 -138.0000000000 0.0100000000
594 -128.0000000000 0.0100000000
606 -127.0000000000 0.0100000000
608 -119.0000000000 0.0100000000
673 -109.0000000000 0.0100000000
675 -99.0000000000 0.0100000000
714 -90.0000000000 0.0100000000
752 -89.0000000000 0.0100000000
789 -81.0000000000 0.0100000000
838 -80.0000000000 0.0100000000
850 -72.0000000000 0.0100000000
867 -71.0000000000 0.0100000000
902 -63.0000000000 0.0100000000
913 -62.0000000000 0.0100000000
1084 -33.0000000000 0.0100000000
1180 -32.0000000000 0.0100000000
1351 -24.0000000000 0.0100000000
1366 -23.0000000000 0.0100000000
1570 -14.0000000000 0.0100000000
1629 -4.0000000000 0.0100000000
1669 5.0000000000 0.0100000000
1793 6.0000000000 0.0100000000
1939 7.0000000000 0.0100000000
2637 8.0000000000 0.0100000000
2827 9.0000000000 0.0100000000
100000 9.0000000000 0.0100000000
evaluations raw_y evaporation_rate
1 -1527.0000000000 0.0100000000
2 -1390.0000000000 0.0100000000
9 -1332.0000000000 0.0100000000
13 -1215.0000000000 0.0100000000
23 -1099.0000000000 0.0100000000
80 -1098.0000000000 0.0100000000
94 -1060.0000000000 0.0100000000
102 -1001.0000000000 0.0100000000
104 -972.0000000000 0.0100000000
116 -962.0000000000 0.0100000000
135 -943.0000000000 0.0100000000
142 -894.0000000000 0.0100000000
149 -758.0000000000 0.0100000000
202 -738.0000000000 0.0100000000
230 -641.0000000000 0.0100000000
288 -573.0000000000 0.0100000000
296 -544.0000000000 0.0100000000
328 -514.0000000000 0.0100000000
332 -437.0000000000 0.0100000000
414 -359.0000000000 0.0100000000
433 -340.0000000000 0.0100000000
466 -291.0000000000 0.0100000000
506 -273.0000000000 0.0100000000
536 -272.0000000000 0.0100000000
593 -263.0000000000 0.0100000000
644 -244.0000000000 0.0100000000
798 -234.0000000000 0.0100000000
820 -225.0000000000 0.0100000000
949 -196.0000000000 0.0100000000
1098 -187.0000000000 0.0100000000
1151 -148.0000000000 0.0100000000
1247 -139.0000000000 0.0100000000
1324 -110.0000000000 0.0100000000
1407 -109.0000000000 0.0100000000
1444 -91.0000000000 0.0100000000
1491 -90.0000000000 0.0100000000
1533 -89.0000000000 0.0100000000
1675 -81.0000000000 0.0100000000
1720 -80.0000000000 0.0100000000
2120 -79.0000000000 0.0100000000
2260 -61.0000000000 0.0100000000
2271 -60.0000000000 0.0100000000
2296 -50.0000000000 0.0100000000
2355 -31.0000000000 0.0100000000
2389 -23.0000000000 0.0100000000
2443 -22.0000000000 0.0100000000
3003 -21.0000000000 0.0100000000
3032 -3.0000000000 0.0100000000
3059 -2.0000000000 0.0100000000
3637 7.0000000000 0.0100000000
5352 8.0000000000 0.0100000000
100000 8.0000000000 0.0100000000
evaluations raw_y evaporation_rate
1 -1352.0000000000 0.0100000000
5 -1069.0000000000 0.0100000000
34 -1040.0000000000 0.0100000000
46 -796.0000000000 0.0100000000
100 -720.0000000000 0.0100000000
107 -709.0000000000 0.0100000000
127 -699.0000000000 0.0100000000
135 -621.0000000000 0.0100000000
172 -563.0000000000 0.0100000000
229 -534.0000000000 0.0100000000
249 -428.0000000000 0.0100000000
276 -427.0000000000 0.0100000000
293 -408.0000000000 0.0100000000
300 -388.0000000000 0.0100000000
328 -339.0000000000 0.0100000000
352 -311.0000000000 0.0100000000
386 -301.0000000000 0.0100000000
407 -272.0000000000 0.0100000000
466 -252.0000000000 0.0100000000
475 -234.0000000000 0.0100000000
525 -205.0000000000 0.0100000000
545 -186.0000000000 0.0100000000
554 -176.0000000000 0.0100000000
557 -156.0000000000 0.0100000000
635 -147.0000000000 0.0100000000
707 -128.0000000000 0.0100000000
756 -109.0000000000 0.0100000000
834 -99.0000000000 0.0100000000
846 -80.0000000000 0.0100000000
1091 -71.0000000000 0.0100000000
1132 -52.0000000000 0.0100000000
1203 -33.0000000000 0.0100000000
1481 -14.0000000000 0.0100000000
1621 -13.0000000000 0.0100000000
1683 6.0000000000 0.0100000000
1926 7.0000000000 0.0100000000
2582 8.0000000000 0.0100000000
100000 8.0000000000 0.0100000000
evaluations raw_y evaporation_rate
1 -1458.0000000000 0.0100000000
3 -1439.0000000000 0.0100000000
5 -1030.0000000000 0.0100000000
17 -972.0000000000 0.0100000000
74 -962.0000000000 0.0100000000
83 -855.0000000000 0.0100000000
105 -845.0000000000 0.0100000000
136 -826.0000000000 0.0100000000
147 -592.0000000000 0.0100000000
268 -514.0000000000 0.0100000000
291 -495.0000000000 0.0100000000
302 -485.0000000000 0.0100000000
322 -466.0000000000 0.0100000000
328 -379.0000000000 0.0100000000
407 -340.0000000000 0.0100000000
442 -330.0000000000 0.0100000000
467 -311.0000000000 0.0100000000
510 -292.0000000000 0.0100000000
523 -263.0000000000 0.0100000000
548 -244.0000000000 0.0100000000
565 -234.0000000000 0.0100000000
590 -215.0000000000 0.0100000000
634 -205.0000000000 0.0100000000
642 -167.0000000000 0.0100000000
800 -148.0000000000 0.0100000000
969 -119.0000000000 0.0100000000
1234 -80.0000000000 0.0100000000
1320 -71.0000000000 0.0100000000
1413 -61.0000000000 0.0100000000
1439 -52.0000000000 0.0100000000
1587 -43.0000000000 0.0100000000
1908 -42.0000000000 0.0100000000
1989 -24.0000000000 0.0100000000
2019 -23.0000000000 0.0100000000
2206 -5.0000000000 0.0100000000
2211 -4.0000000000 0.0100000000
2541 5.0000000000 0.0100000000
2848 6.0000000000 0.0100000000
2945 7.0000000000 0.0100000000
3216 8.0000000000 0.0100000000
100000 8.0000000000 0.0100000000
evaluations raw_y evaporation_rate
1 -1332.0000000000 0.0100000000
3 -1274.0000000000 0.0100000000
5 -1001.0000000000 0.0100000000
21 -922.0000000000 0.0100000000
84 -855.0000000000 0.0100000000
132 -845.0000000000 0.0100000000
134 -797.0000000000 0.0100000000
153 -767.0000000000 0.0100000000
173 -729.0000000000 0.0100000000
195 -718.0000000000 0.0100000000
201 -622.0000000000 0.0100000000
217 -612.0000000000 0.0100000000
219 -524.0000000000 0.0100000000
253 -457.0000000000 0.0100000000
284 -456.0000000000 0.0100000000
352 -311.0000000000 0.0100000000
414 -273.0000000000 0.0100000000
478 -263.0000000000 0.0100000000
505 -253.0000000000 0.0100000000
542 -205.0000000000 0.0100000000
577 -195.0000000000 0.0100000000
594 -176.0000000000 0.0100000000
603 -166.0000000000 0.0100000000
617 -128.0000000000 0.0100000000
852 -109.0000000000 0.0100000000
954 -89.0000000000 0.0100000000
958 -80.0000000000 0.0100000000
977 -70.0000000000 0.0100000000
1046 -51.0000000000 0.0100000000
1414 -32.0000000000 0.0100000000
1740 -23.0000000000 0.0100000000
2012 -22.0000000000 0.0100000000
2236 -13.0000000000 0.0100000000
2439 -4.0000000000 0.0100000000
2595 -3.0000000000 0.0100000000
2673 6.0000000000 0.0100000000
2693 7.0000000000 0.0100000000
2946 8.0000000000 0.0100000000
3574 9.0000000000 0.0100000000
100000 9.0000000000 0.0100000000
evaluations raw_y evaporation_rate
1 -1547.0000000000 0.0100000000
2 -1264.0000000000 0.0100000000
4 -953.0000000000 0.0100000000
40 -903.0000000000 0.0100000000
45 -825.0000000000 0.0100000000
79 -816.0000000000 0.0100000000
80 -728.0000000000 0.0100000000
131 -651.0000000000 0.0100000000
176 -563.0000000000 0.0100000000
223 -495.0000000000 0.0100000000
238 -398.0000000000 0.0100000000
294 -321.0000000000 0.0100000000
334 -292.0000000000 0.0100000000
382 -215.0000000000 0.0100000000
404 -204.0000000000 0.0100000000
496 -156.0000000000 0.0100000000
554 -147.0000000000 0.0100000000
564 -89.0000000000 0.0100000000
681 -80.0000000000 0.0100000000
737 -70.0000000000 0.0100000000
771 -61.0000000000 0.0100000000
993 -52.0000000000 0.0100000000
1123 -43.0000000000 0.0100000000
1136 -42.0000000000 0.0100000000
1444 -33.0000000000 0.0100000000
1552 -32.0000000000 0.0100000000
1677 -24.0000000000 0.0100000000
1692 -23.0000000000 0.0100000000
2120 -14.0000000000 0.0100000000
2289 -13.0000000000 0.0100000000
2496 -3.0000000000 0.0100000000
2716 -2.0000000000 0.0100000000
3436 7.0000000000 0.0100000000
3595 8.0000000000 0.0100000000
3799 9.0000000000 0.0100000000
100000 9.0000000000 0.0100000000
evaluations raw_y evaporation_rate
1 -1468.0000000000 0.0100000000
2 -1410.0000000000 0.0100000000
5 -1206.0000000000 0.0100000000
8 -1069.0000000000 0.0100000000
9 -1059.0000000000 0.0100000000
24 -943.0000000000 0.0100000000
41 -904.0000000000 0.0100000000
44 -855.0000000000 0.0100000000
77 -787.0000000000 0.0100000000
109 -777.0000000000 0.0100000000
119 -631.0000000000 0.0100000000
158 -534.0000000000 0.0100000000
207 -495.0000000000 0.0100000000
249 -349.0000000000 0.0100000000
270 -292.0000000000 0.0100000000
346 -204.0000000000 0.0100000000
371 -196.0000000000 0.0100000000
414 -185.0000000000 0.0100000000
450 -167.0000000000 0.0100000000
466 -147.0000000000 0.0100000000
484 -119.0000000000 0.0100000000
496 -80.0000000000 0.0100000000
603 -79.0000000000 0.0100000000
773 -60.0000000000 0.0100000000
941 -41.0000000000 0.0100000000
1211 -22.0000000000 0.0100000000
1367 -21.0000000000 0.0100000000
1585 -12.0000000000 0.0100000000
2436 -3.0000000000 0.0100000000
2748 6.0000000000 0.0100000000
2938 7.0000000000 0.0100000000
3934 8.0000000000 0.0100000000
5315 9.0000000000 0.0100000000
100000 9.0000000000 0.0100000000
evaluations raw_y evaporation_rate
1 -1332.0000000000 0.0100000000
5 -1264.0000000000 0.0100000000
8 -1186.0000000000 0.0100000000
25 -1118.0000000000 0.0100000000
37 -1079.0000000000 0.0100000000
42 -1059.0000000000 0.0100000000
59 -1040.0000000000 0.0100000000
73 -846.0000000000 0.0100000000
132 -758.0000000000 0.0100000000
137 -738.0000000000 0.0100000000
170 -593.0000000000 0.0100000000
213 -515.0000000000 0.0100000000
272 -486.0000000000 0.0100000000
275 -427.0000000000 0.0100000000
289 -399.0000000000 0.0100000000
359 -389.0000000000 0.0100000000
370 -379.0000000000 0.0100000000
388 -360.0000000000 0.0100000000
395 -312.0000000000 0.0100000000
432 -264.0000000000 0.0100000000
455 -206.0000000000 0.0100000000
497 -148.0000000000 0.0100000000
558 -129.0000000000 0.0100000000
677 -110.0000000000 0.0100000000
872 -91.0000000000 0.0100000000
1040 -72.0000000000 0.0100000000
1192 -53.0000000000 0.0100000000
1316 -34.0000000000 0.0100000000
1603 -33.0000000000 0.0100000000
1658 -25.0000000000 0.0100000000
1678 -24.0000000000 0.0100000000
1706 -23.0000000000 0.0100000000
1985 -22.0000000000 0.0100000000
2466 -3.0000000000 0.0100000000
2813 6.0000000000 0.0100000000
2980 7.0000000000 0.0100000000
3504 8.0000000000 0.0100000000
3878 9.0000000000 0.0100000000
100000 9.0000000000 0.0100000000
evaluations raw_y evaporation_rate
1 -1089.0000000000 0.0100000000
8 -1088.0000000000 0.0100000000
17 -1040.0000000000 0.0100000000
21 -1021.0000000000 0.0100000000
39 -991.0000000000 0.0100000000
59 -943.0000000000 0.0100000000
72 -825.0000000000 0.0100000000
90 -729.0000000000 0.0100000000
106 -719.0000000000 0.0100000000
159 -651.0000000000 0.0100000000
173 -535.0000000000 0.0100000000
194 -534.0000000000 0.0100000000
220 -514.0000000000 0.0100000000
246 -398.0000000000 0.0100000000
253 -359.0000000000 0.0100000000
280 -350.0000000000 0.0100000000
304 -310.0000000000 0.0100000000
331 -301.0000000000 0.0100000000
374 -263.0000000000 0.0100000000
389 -253.0000000000 0.0100000000
399 -165.0000000000 0.0100000000
433 -127.0000000000 0.0100000000
479 -108.0000000000 0.0100000000
539 -89.0000000000 0.0100000000
587 -88.0000000000 0.0100000000
592 -70.0000000000 0.0100000000
618 -61.0000000000 0.0100000000
630 -60.0000000000 0.0100000000
659 -33.0000000000 0.0100000000
694 -32.0000000000 0.0100000000
711 -14.0000000000 0.0100000000
850 -13.0000000000 0.0100000000
1048 -12.0000000000 0.0100000000
1088 -4.0000000000 0.0100000000
1100 -3.0000000000 0.0100000000
1508 6.0000000000 0.0100000000
2222 7.0000000000 0.0100000000
2419 8.0000000000 0.0100000000
2548 9.0000000000 0.0100000000
2887 10.0000000000 0.0100000000
evaluations raw_y evaporation_rate
1 -1614.0000000000 0.0100000000
2 -1400.0000000000 0.0100000000
4 -1176.0000000000 0.0100000000
6 -1147.0000000000 0.0100000000
27 -1099.0000000000 0.0100000000
40 -1001.0000000000 0.0100000000
51 -982.0000000000 0.0100000000
98 -825.0000000000 0.0100000000
107 -748.0000000000 0.0100000000
168 -631.0000000000 0.0100000000
208 -622.0000000000 0.0100000000
270 -573.0000000000 0.0100000000
278 -534.0000000000 0.0100000000
290 -437.0000000000 0.0100000000
302 -427.0000000000 0.0100000000
369 -311.0000000000 0.0100000000
457 -263.0000000000 0.0100000000
500 -215.0000000000 0.0100000000
691 -196.0000000000 0.0100000000
742 -177.0000000000 0.0100000000
947 -148.0000000000 0.0100000000
1297 -139.0000000000 0.0100000000
1402 -119.0000000000 0.0100000000
1552 -100.0000000000 0.0100000000
1830 -81.0000000000 0.0100000000
1937 -72.0000000000 0.0100000000
2128 -53.0000000000 0.0100000000
2186 -44.0000000000 0.0100000000
2528 -25.0000000000 0.0100000000
2650 -24.0000000000 0.0100000000
2717 -23.0000000000 0.0100000000
2763 -4.0000000000 0.0100000000
2837 -3.0000000000 0.0100000000
3105 6.0000000000 0.0100000000
3287 7.0000000000 0.0100000000
3631 8.0000000000 0.0100000000
100000 8.0000000000 0.0100000000
