evaluations raw_y evaporation_rate
1 8.0000000000 1.0000000000
2 8.2000000000 1.0000000000
35 8.4000000000 1.0000000000
105 8.6000000000 1.0000000000
108 8.8000000000 1.0000000000
121 9.0000000000 1.0000000000
149 9.2000000000 1.0000000000
226 9.4000000000 1.0000000000
238 10.4000000000 1.0000000000
416 10.6000000000 1.0000000000
425 10.8000000000 1.0000000000
514 11.0000000000 1.0000000000
539 11.2000000000 1.0000000000
621 11.4000000000 1.0000000000
729 11.6000000000 1.0000000000
769 11.8000000000 1.0000000000
814 12.0000000000 1.0000000000
827 12.2000000000 1.0000000000
838 12.4000000000 1.0000000000
844 12.6000000000 1.0000000000
985 12.8000000000 1.0000000000
1004 13.0000000000 1.0000000000
1033 13.2000000000 1.0000000000
1084 13.4000000000 1.0000000000
1204 13.6000000000 1.0000000000
1224 13.8000000000 1.0000000000
1409 14.0000000000 1.0000000000
1411 14.2000000000 1.0000000000
1452 14.4000000000 1.0000000000
1629 14.6000000000 1.0000000000
1745 14.8000000000 1.0000000000
1846 15.0000000000 1.0000000000
2097 15.2000000000 1.0000000000
2199 15.4000000000 1.0000000000
2360 15.6000000000 1.0000000000
2391 15.8000000000 1.0000000000
3131 16.0000000000 1.0000000000
3407 16.2000000000 1.0000000000
4358 16.4000000000 1.0000000000
100000 16.4000000000 1.0000000000
evaluations raw_y evaporation_rate
1 5.4000000000 1.0000000000
21 5.6000000000 1.0000000000
30 5.8000000000 1.0000000000
51 6.2000000000 1.0000000000
68 6.4000000000 1.0000000000
70 6.6000000000 1.0000000000
99 6.8000000000 1.0000000000
147 7.0000000000 1.0000000000
158 7.2000000000 1.0000000000
160 7.4000000000 1.0000000000
178 7.6000000000 1.0000000000
219 7.8000000000 1.0000000000
220 8.0000000000 1.0000000000
239 8.2000000000 1.0000000000
259 8.4000000000 1.0000000000
334 8.6000000000 1.0000000000
403 8.8000000000 1.0000000000
462 9.0000000000 1.0000000000
508 9.2000000000 1.0000000000
537 9.4000000000 1.0000000000
633 9.6000000000 1.0000000000
750 9.8000000000 1.0000000000
798 10.2000000000 1.0000000000
800 10.4000000000 1.0000000000
804 10.6000000000 1.0000000000
828 10.8000000000 1.0000000000
935 11.0000000000 1.0000000000
957 11.2000000000 1.0000000000
1099 11.4000000000 1.0000000000
1133 11.6000000000 1.0000000000
1137 11.8000000000 1.0000000000
1159 12.0000000000 1.0000000000
1192 12.2000000000 1.0000000000
1279 12.4000000000 1.0000000000
1299 12.6000000000 1.0000000000
1400 12.8000000000 1.0000000000
1412 13.0000000000 1.0000000000
1457 13.2000000000 1.0000000000
1484 13.4000000000 1.0000000000
1496 13.6000000000 1.0000000000
1497 13.8000000000 1.0000000000
1606 14.0000000000 1.0000000000
1786 14.2000000000 1.0000000000
1790 14.4000000000 1.0000000000
1966 14.6000000000 1.0000000000
2484 14.8000000000 1.0000000000
2604 15.0000000000 1.0000000000
2882 15.2000000000 1.0000000000
2909 15.4000000000 1.0000000000
2914 15.6000000000 1.0000000000
2925 15.8000000000 1.0000000000
4075 16.0000000000 1.0000000000
100000 16.0000000000 1.0000000000
evaluations raw_y evaporation_rate
1 8.8000000000 1.0000000000
5 9.0000000000 1.0000000000
51 9.2000000000 1.0000000000
72 9.4000000000 1.0000000000
102 9.6000000000 1.0000000000
113 9.8000000000 1.0000000000
150 10.0000000000 1.0000000000
156 10.2000000000 1.0000000000
268 10.4000000000 1.0000000000
334 10.6000000000 1.0000000000
426 10.8000000000 1.0000000000
440 11.0000000000 1.0000000000
484 11.2000000000 1.0000000000
507 11.4000000000 1.0000000000
508 11.6000000000 1.0000000000
537 11.8000000000 1.0000000000
641 12.0000000000 1.0000000000
649 12.2000000000 1.0000000000
695 12.4000000000 1.0000000000
723 12.6000000000 1.0000000000
811 12.8000000000 1.0000000000
874 13.0000000000 1.0000000000
890 13.2000000000 1.0000000000
939 13.4000000000 1.0000000000
976 13.6000000000 1.0000000000
1026 13.8000000000 1.0000000000
1046 14.0000000000 1.0000000000
1056 14.2000000000 1.0000000000
1116 14.4000000000 1.0000000000
1258 14.6000000000 1.0000000000
1481 14.8000000000 1.0000000000
1689 15.0000000000 1.0000000000
1728 15.2000000000 1.0000000000
1838 15.4000000000 1.0000000000
2063 15.6000000000 1.0000000000
2453 15.8000000000 1.0000000000
3253 16.0000000000 1.0000000000
3483 16.2000000000 1.0000000000
3959 16.4000000000 1.0000000000
100000 16.4000000000 1.0000000000
evaluations raw_y evaporation_rate
1 5.6000000000 1.0000000000
6 5.8000000000 1.0000000000
17 6.8000000000 1.0000000000
25 7.0000000000 1.0000000000
35 8.0000000000 1.0000000000
37 8.2000000000 1.0000000000
51 8.4000000000 1.0000000000
73 8.8000000000 1.0000000000
85 9.0000000000 1.0000000000
127 9.2000000000 1.0000000000
140 9.4000000000 1.0000000000
203 9.6000000000 1.0000000000
308 9.8000000000 1.0000000000
342 10.0000000000 1.0000000000
343 10.2000000000 1.0000000000
363 10.4000000000 1.0000000000
372 10.6000000000 1.0000000000
456 10.8000000000 1.0000000000
503 11.0000000000 1.0000000000
582 11.2000000000 1.0000000000
609 11.4000000000 1.0000000000
643 11.6000000000 1.0000000000
652 11.8000000000 1.0000000000
666 12.0000000000 1.0000000000
728 12.2000000000 1.0000000000
762 12.4000000000 1.0000000000
893 12.6000000000 1.0000000000
900 12.8000000000 1.0000000000
954 13.0000000000 1.0000000000
981 13.2000000000 1.0000000000
1234 13.4000000000 1.0000000000
1282 13.6000000000 1.0000000000
1300 13.8000000000 1.0000000000
1464 14.0000000000 1.0000000000
1481 14.2000000000 1.0000000000
1587 14.4000000000 1.0000000000
1794 14.6000000000 1.0000000000
1934 14.8000000000 1.0000000000
2066 15.0000000000 1.0000000000
2270 15.2000000000 1.0000000000
2305 15.4000000000 1.0000000000
2715 15.6000000000 1.0000000000
2738 15.8000000000 1.0000000000
2871 16.0000000000 1.0000000000
3657 16.2000000000 1.0000000000
4738 16.4000000000 1.0000000000
100000 16.4000000000 1.0000000000
evaluations raw_y evaporation_rate
1 6.4000000000 1.0000000000
8 6.6000000000 1.0000000000
18 6.8000000000 1.0000000000
21 7.2000000000 1.0000000000
36 7.4000000000 1.0000000000
85 7.6000000000 1.0000000000
108 7.8000000000 1.0000000000
143 8.0000000000 1.0000000000
186 8.2000000000 1.0000000000
195 8.4000000000 1.0000000000
237 8.6000000000 1.0000000000
276 8.8000000000 1.0000000000
282 9.0000000000 1.0000000000
304 9.2000000000 1.0000000000
317 9.4000000000 1.0000000000
326 9.6000000000 1.0000000000
336 9.8000000000 1.0000000000
351 10.0000000000 1.0000000000
406 10.2000000000 1.0000000000
477 10.4000000000 1.0000000000
478 10.6000000000 1.0000000000
500 10.8000000000 1.0000000000
503 11.0000000000 1.0000000000
511 11.2000000000 1.0000000000
527 11.4000000000 1.0000000000
545 11.6000000000 1.0000000000
604 11.8000000000 1.0000000000
852 12.0000000000 1.0000000000
858 12.2000000000 1.0000000000
887 12.4000000000 1.0000000000
931 12.6000000000 1.0000000000
936 12.8000000000 1.0000000000
977 13.0000000000 1.0000000000
983 13.2000000000 1.0000000000
1004 13.4000000000 1.0000000000
1050 13.6000000000 1.0000000000
1052 13.8000000000 1.0000000000
1221 14.0000000000 1.0000000000
1245 14.2000000000 1.0000000000
1503 14.4000000000 1.0000000000
1740 14.6000000000 1.0000000000
1795 14.8000000000 1.0000000000
1828 15.0000000000 1.0000000000
1967 15.2000000000 1.0000000000
2308 15.4000000000 1.0000000000
2439 15.6000000000 1.0000000000
3507 15.8000000000 1.0000000000
5224 16.0000000000 1.0000000000
100000 16.0000000000 1.0000000000
evaluations raw_y evaporation_rate
1 5.4000000000 1.0000000000
27 6.4000000000 1.0000000000
34 6.6000000000 1.0000000000
60 6.8000000000 1.0000000000
64 7.0000000000 1.0000000000
79 7.2000000000 1.0000000000
96 7.4000000000 1.0000000000
114 7.6000000000 1.0000000000
148 7.8000000000 1.0000000000
149 8.0000000000 1.0000000000
170 8.2000000000 1.0000000000
177 8.4000000000 1.0000000000
272 8.6000000000 1.0000000000
277 8.8000000000 1.0000000000
284 9.0000000000 1.0000000000
295 9.2000000000 1.0000000000
305 9.4000000000 1.0000000000
319 9.6000000000 1.0000000000
324 9.8000000000 1.0000000000
337 10.0000000000 1.0000000000
373 10.2000000000 1.0000000000
378 10.4000000000 1.0000000000
381 10.6000000000 1.0000000000
491 10.8000000000 1.0000000000
576 11.0000000000 1.0000000000
595 11.2000000000 1.0000000000
646 11.4000000000 1.0000000000
662 11.6000000000 1.0000000000
669 11.8000000000 1.0000000000
727 12.0000000000 1.0000000000
794 12.2000000000 1.0000000000
970 12.4000000000 1.0000000000
1100 12.6000000000 1.0000000000
1103 12.8000000000 1.0000000000
1163 13.0000000000 1.0000000000
1260 13.2000000000 1.0000000000
1301 13.4000000000 1.0000000000
1304 13.6000000000 1.0000000000
1312 13.8000000000 1.0000000000
1324 14.0000000000 1.0000000000
1385 14.2000000000 1.0000000000
1646 14.4000000000 1.0000000000
1690 14.6000000000 1.0000000000
1949 14.8000000000 1.0000000000
2125 15.0000000000 1.0000000000
2233 15.2000000000 1.0000000000
2258 15.4000000000 1.0000000000
2649 15.6000000000 1.0000000000
2691 15.8000000000 1.0000000000
2992 16.0000000000 1.0000000000
4282 16.2000000000 1.0000000000
100000 16.2000000000 1.0000000000
evaluations raw_y evaporation_rate
1 5.6000000000 1.0000000000
60 5.8000000000 1.0000000000
67 6.0000000000 1.0000000000
82 7.0000000000 1.0000000000
93 7.2000000000 1.0000000000
106 7.4000000000 1.0000000000
148 7.6000000000 1.0000000000
184 7.8000000000 1.0000000000
209 8.0000000000 1.0000000000
321 8.2000000000 1.0000000000
390 8.4000000000 1.0000000000
408 8.6000000000 1.0000000000
410 8.8000000000 1.0000000000
435 9.0000000000 1.0000000000
480 9.2000000000 1.0000000000
573 9.4000000000 1.0000000000
586 9.6000000000 1.0000000000
605 9.8000000000 1.0000000000
659 10.0000000000 1.0000000000
678 10.2000000000 1.0000000000
773 10.4000000000 1.0000000000
833 10.6000000000 1.0000000000
949 10.8000000000 1.0000000000
973 11.0000000000 1.0000000000
1159 11.2000000000 1.0000000000
1175 11.4000000000 1.0000000000
1194 11.6000000000 1.0000000000
1263 11.8000000000 1.0000000000
1299 12.0000000000 1.0000000000
1340 12.2000000000 1.0000000000
1412 12.4000000000 1.0000000000
1424 12.6000000000 1.0000000000
1585 12.8000000000 1.0000000000
1663 13.0000000000 1.0000000000
1691 13.2000000000 1.0000000000
1709 13.4000000000 1.0000000000
1848 13.6000000000 1.0000000000
2137 13.8000000000 1.0000000000
2241 14.0000000000 1.0000000000
2292 14.2000000000 1.0000000000
2308 14.4000000000 1.0000000000
2329 14.6000000000 1.0000000000
2719 14.8000000000 1.0000000000
3376 15.0000000000 1.0000000000
3671 15.2000000000 1.0000000000
3703 15.4000000000 1.0000000000
4115 15.6000000000 1.0000000000
4880 15.8000000000 1.0000000000
5156 16.0000000000 1.0000000000
5242 16.2000000000 1.0000000000
100000 16.2000000000 1.0000000000
evaluations raw_y evaporation_rate
1 7.6000000000 1.0000000000
57 7.8000000000 1.0000000000
76 8.0000000000 1.0000000000
81 8.2000000000 1.0000000000
90 8.4000000000 1.0000000000
122 8.6000000000 1.0000000000
160 9.6000000000 1.0000000000
180 9.8000000000 1.0000000000
229 10.0000000000 1.0000000000
340 10.2000000000 1.0000000000
388 10.4000000000 1.0000000000
414 10.6000000000 1.0000000000
514 10.8000000000 1.0000000000
554 11.0000000000 1.0000000000
558 11.2000000000 1.0000000000
621 11.4000000000 1.0000000000
644 11.6000000000 1.0000000000
764 11.8000000000 1.0000000000
766 12.0000000000 1.0000000000
804 12.2000000000 1.0000000000
819 12.4000000000 1.0000000000
908 12.6000000000 1.0000000000
1040 12.8000000000 1.0000000000
1136 13.0000000000 1.0000000000
1178 13.2000000000 1.0000000000
1239 13.4000000000 1.0000000000
1258 13.6000000000 1.0000000000
1387 13.8000000000 1.0000000000
1416 14.0000000000 1.0000000000
1515 14.2000000000 1.0000000000
1658 14.4000000000 1.0000000000
1666 14.6000000000 1.0000000000
2005 14.8000000000 1.0000000000
2018 15.0000000000 1.0000000000
2256 15.2000000000 1.0000000000
2430 15.4000000000 1.0000000000
2466 15.6000000000 1.0000000000
2608 15.8000000000 1.0000000000
2627 16.0000000000 1.0000000000
2703 16.2000000000 1.0000000000
3681 16.4000000000 1.0000000000
100000 16.4000000000 1.0000000000
evaluations raw_y evaporation_rate
1 7.8000000000 1.0000000000
10 8.0000000000 1.0000000000
12 8.2000000000 1.0000000000
23 9.2000000000 1.0000000000
72 9.4000000000 1.0000000000
76 9.6000000000 1.0000000000
81 9.8000000000 1.0000000000
168 10.0000000000 1.0000000000
172 10.2000000000 1.0000000000
208 10.4000000000 1.0000000000
253 10.6000000000 1.0000000000
382 10.8000000000 1.0000000000
490 11.0000000000 1.0000000000
495 11.2000000000 1.0000000000
561 11.4000000000 1.0000000000
595 11.6000000000 1.0000000000
656 11.8000000000 1.0000000000
686 12.0000000000 1.0000000000
897 12.2000000000 1.0000000000
932 12.4000000000 1.0000000000
1079 12.6000000000 1.0000000000
1088 12.8000000000 1.0000000000
1092 13.0000000000 1.0000000000
1152 13.2000000000 1.0000000000
1283 13.4000000000 1.0000000000
1346 13.6000000000 1.0000000000
1349 13.8000000000 1.0000000000
1396 14.0000000000 1.0000000000
1416 14.2000000000 1.0000000000
1556 14.4000000000 1.0000000000
1582 14.6000000000 1.0000000000
1607 14.8000000000 1.0000000000
1674 15.0000000000 1.0000000000
1720 15.2000000000 1.0000000000
1810 15.4000000000 1.0000000000
1863 15.6000000000 1.0000000000
2061 15.8000000000 1.0000000000
3561 16.0000000000 1.0000000000
4020 16.2000000000 1.0000000000
100000 16.2000000000 1.0000000000
evaluations raw_y evaporation_rate
1 5.8000000000 1.0000000000
16 6.0000000000 1.0000000000
65 6.2000000000 1.0000000000
153 6.4000000000 1.0000000000
178 6.6000000000 1.0000000000
231 6.8000000000 1.0000000000
247 7.0000000000 1.0000000000
254 7.2000000000 1.0000000000
287 7.4000000000 1.0000000000
310 7.6000000000 1.0000000000
321 7.8000000000 1.0000000000
350 8.0000000000 1.0000000000
383 8.2000000000 1.0000000000
417 8.4000000000 1.0000000000
470 8.6000000000 1.0000000000
477 8.8000000000 1.0000000000
478 9.0000000000 1.0000000000
491 9.2000000000 1.0000000000
497 9.4000000000 1.0000000000
519 9.6000000000 1.0000000000
530 9.8000000000 1.0000000000
566 10.0000000000 1.0000000000
587 10.2000000000 1.0000000000
595 10.4000000000 1.0000000000
611 10.6000000000 1.0000000000
707 10.8000000000 1.0000000000
781 11.0000000000 1.0000000000
792 11.2000000000 1.0000000000
824 11.4000000000 1.0000000000
825 11.6000000000 1.0000000000
847 11.8000000000 1.0000000000
886 12.0000000000 1.0000000000
945 12.2000000000 1.0000000000
1044 12.4000000000 1.0000000000
1098 12.6000000000 1.0000000000
1171 12.8000000000 1.0000000000
1297 13.0000000000 1.0000000000
1402 13.2000000000 1.0000000000
1412 13.4000000000 1.0000000000
1430 13.6000000000 1.0000000000
1745 13.8000000000 1.0000000000
1816 14.0000000000 1.0000000000
1819 14.2000000000 1.0000000000
1828 14.4000000000 1.0000000000
2093 14.6000000000 1.0000000000
2259 14.8000000000 1.0000000000
2440 15.0000000000 1.0000000000
2489 15.2000000000 1.0000000000
2518 15.4000000000 1.0000000000
2615 15.6000000000 1.0000000000
2737 15.8000000000 1.0000000000
2836 16.0000000000 1.0000000000
100000 16.0000000000 1.0000000000
