evaluations raw_y evaporation_rate
1 1.5216068168 0.0100000000
3 1.5460729746 0.0100000000
31 1.5595757954 0.0100000000
37 1.6329196604 0.0100000000
93 1.7568517217 0.0100000000
153 1.8982536067 0.0100000000
302 2.0341741253 0.0100000000
356 2.4248302619 0.0100000000
434 2.5799793602 0.0100000000
436 2.6399155227 0.0100000000
463 2.7442371021 0.0100000000
633 2.8376844495 0.0100000000
695 2.9103608847 0.0100000000
790 2.9308323564 0.0100000000
968 3.2425421530 0.0100000000
2199 3.2509752926 0.0100000000
2566 3.3467202142 0.0100000000
3155 3.5063113604 0.0100000000
3273 3.6603221083 0.0100000000
100000 3.6603221083 0.0100000000
evaluations raw_y evaporation_rate
1 1.0175010175 0.0100000000
3 1.4068655037 0.0100000000
6 1.6972165648 0.0100000000
198 1.7018379850 0.0100000000
204 1.7135023989 0.0100000000
223 1.7844396859 0.0100000000
246 1.8953752843 0.0100000000
247 1.9069412662 0.0100000000
293 1.9334880124 0.0100000000
318 1.9984012790 0.0100000000
343 2.0242914980 0.0100000000
347 2.4390243902 0.0100000000
406 2.6737967914 0.0100000000
420 2.9308323564 0.0100000000
425 2.9940119760 0.0100000000
540 3.0902348578 0.0100000000
2028 3.1446540881 0.0100000000
2853 3.1847133758 0.0100000000
3364 3.1928480204 0.0100000000
3484 3.2010243278 0.0100000000
3856 3.4770514604 0.0100000000
4421 3.5260930889 0.0100000000
6003 3.5765379113 0.0100000000
6379 3.6075036075 0.0100000000
100000 3.6075036075 0.0100000000
evaluations raw_y evaporation_rate
1 0.8448800270 0.0100000000
2 1.0464629552 0.0100000000
3 1.2394645513 0.0100000000
6 1.2645422357 0.0100000000
9 1.2748597654 0.0100000000
12 1.3419216318 0.0100000000
21 1.3698630137 0.0100000000
28 1.6655562958 0.0100000000
57 1.6926201760 0.0100000000
170 1.6949152542 0.0100000000
278 2.0016012810 0.0100000000
350 2.0177562550 0.0100000000
376 2.2542831380 0.0100000000
482 2.2914757104 0.0100000000
491 2.3877745941 0.0100000000
535 2.4390243902 0.0100000000
560 2.6624068158 0.0100000000
598 2.8121484814 0.0100000000
989 2.8184892897 0.0100000000
1052 2.8312570781 0.0100000000
1091 3.1055900621 0.0100000000
1190 3.2092426187 0.0100000000
2595 3.4293552812 0.0100000000
2752 3.7936267071 0.0100000000
3518 3.9001560062 0.0100000000
100000 3.9001560062 0.0100000000
evaluations raw_y evaporation_rate
1 1.2866700978 0.0100000000
2 1.3178703216 0.0100000000
7 1.4293882218 0.0100000000
42 1.4979029359 0.0100000000
60 1.5752993069 0.0100000000
83 1.6307893020 0.0100000000
193 1.7618040874 0.0100000000
202 1.7921146953 0.0100000000
221 1.9638648861 0.0100000000
290 1.9920318725 0.0100000000
303 2.4015369837 0.0100000000
360 2.5906735751 0.0100000000
379 2.6178010471 0.0100000000
395 2.7685492802 0.0100000000
503 2.9308323564 0.0100000000
672 2.9797377831 0.0100000000
883 3.0450669915 0.0100000000
959 3.4293552812 0.0100000000
3155 3.6818851252 0.0100000000
3415 3.7369207773 0.0100000000
4952 3.8639876352 0.0100000000
100000 3.8639876352 0.0100000000
evaluations raw_y evaporation_rate
1 1.0931351115 0.0100000000
3 1.4543339151 0.0100000000
23 1.4872099941 0.0100000000
24 1.5595757954 0.0100000000
65 1.5954052329 0.0100000000
87 1.6812373907 0.0100000000
211 1.7793594306 0.0100000000
222 1.8208302986 0.0100000000
248 1.8587360595 0.0100000000
359 1.8953752843 0.0100000000
391 2.2381378693 0.0100000000
427 2.3041474654 0.0100000000
429 2.4582104228 0.0100000000
498 2.5125628141 0.0100000000
549 2.6624068158 0.0100000000
558 2.7502750275 0.0100000000
764 2.9585798817 0.0100000000
773 2.9797377831 0.0100000000
868 3.0450669915 0.0100000000
909 3.2175032175 0.0100000000
1110 3.3288948069 0.0100000000
2433 3.3557046980 0.0100000000
2922 3.4199726402 0.0100000000
3034 3.4482758621 0.0100000000
3803 3.5360678925 0.0100000000
5282 3.8284839204 0.0100000000
5825 4.0650406504 0.0100000000
100000 4.0650406504 0.0100000000
evaluations raw_y evaporation_rate
1 1.3433637829 0.0100000000
10 1.4212620807 0.0100000000
26 1.5179113540 0.0100000000
38 1.5197568389 0.0100000000
100 1.5556938395 0.0100000000
134 1.8670649739 0.0100000000
246 1.8811136193 0.0100000000
330 1.9011406844 0.0100000000
355 1.9040365575 0.0100000000
358 2.0080321285 0.0100000000
422 2.3169601483 0.0100000000
482 2.5227043391 0.0100000000
532 2.6680896478 0.0100000000
596 2.8312570781 0.0100000000
731 2.8768699655 0.0100000000
916 2.8835063437 0.0100000000
926 2.9308323564 0.0100000000
1079 2.9655990510 0.0100000000
1106 3.0750307503 0.0100000000
1116 3.0978934325 0.0100000000
2992 3.1367628607 0.0100000000
3737 3.1766200762 0.0100000000
4234 3.2679738562 0.0100000000
4382 3.3829499323 0.0100000000
4430 3.4293552812 0.0100000000
5322 3.7707390649 0.0100000000
6381 3.7821482602 0.0100000000
100000 3.7821482602 0.0100000000
evaluations raw_y evaporation_rate
1 0.5772338952 0.0100000000
2 1.2531328321 0.0100000000
5 1.3082155939 0.0100000000
7 1.4766686356 0.0100000000
33 1.5792798484 0.0100000000
57 1.5893197711 0.0100000000
99 1.6567263088 0.0100000000
166 1.7041581459 0.0100000000
277 1.8477457502 0.0100000000
326 1.8896447468 0.0100000000
334 1.9186492709 0.0100000000
354 2.0242914980 0.0100000000
364 2.1910604733 0.0100000000
399 2.1949078139 0.0100000000
452 2.2182786158 0.0100000000
488 2.2341376229 0.0100000000
501 2.5484199796 0.0100000000
512 2.5853154085 0.0100000000
570 2.7442371021 0.0100000000
653 2.9036004646 0.0100000000
661 2.9239766082 0.0100000000
1335 2.9446407538 0.0100000000
1898 3.1766200762 0.0100000000
3488 3.3025099075 0.0100000000
3656 3.4387895461 0.0100000000
3813 3.4482758621 0.0100000000
97914 3.5460992908 0.0100000000
100000 3.5460992908 0.0100000000
evaluations raw_y evaporation_rate
1 1.0283833813 0.0100000000
3 1.2518778167 0.0100000000
4 1.5812776724 0.0100000000
64 1.6307893020 0.0100000000
164 1.7494751575 0.0100000000
200 2.0815986678 0.0100000000
248 2.1276595745 0.0100000000
329 2.2381378693 0.0100000000
359 2.5125628141 0.0100000000
383 2.6343519494 0.0100000000
507 2.7322404372 0.0100000000
699 2.8441410694 0.0100000000
1237 3.0303030303 0.0100000000
1559 3.1289111389 0.0100000000
1574 3.1605562579 0.0100000000
1637 3.3467202142 0.0100000000
1660 3.4106412005 0.0100000000
1901 3.5561877667 0.0100000000
2339 3.7369207773 0.0100000000
2556 3.8880248834 0.0100000000
100000 3.8880248834 0.0100000000
evaluations raw_y evaporation_rate
1 1.0808473843 0.0100000000
4 1.2683916794 0.0100000000
5 1.4925373134 0.0100000000
14 1.6329196604 0.0100000000
46 1.6545334216 0.0100000000
48 1.6633399867 0.0100000000
156 1.7018379850 0.0100000000
161 1.8155410312 0.0100000000
169 1.9305019305 0.0100000000
233 2.1132713440 0.0100000000
266 2.1758050479 0.0100000000
325 2.2502250225 0.0100000000
349 2.3255813953 0.0100000000
364 2.4925224327 0.0100000000
509 2.5588536336 0.0100000000
554 2.8901734104 0.0100000000
567 3.1605562579 0.0100000000
1304 3.2851511170 0.0100000000
100000 3.2851511170 0.0100000000
evaluations raw_y evaporation_rate
1 1.0998680158 0.0100000000
2 1.1579434924 0.0100000000
3 1.3290802764 0.0100000000
4 1.5346838551 0.0100000000
26 1.5954052329 0.0100000000
63 1.6118633140 0.0100000000
164 1.6501650165 0.0100000000
180 1.8129079043 0.0100000000
213 1.8670649739 0.0100000000
242 1.9364833462 0.0100000000
288 1.9794140934 0.0100000000
315 2.0177562550 0.0100000000
388 2.0781379884 0.0100000000
395 2.2502250225 0.0100000000
399 2.3430178069 0.0100000000
472 2.4061597690 0.0100000000
483 2.4390243902 0.0100000000
505 2.5906735751 0.0100000000
560 2.6737967914 0.0100000000
584 2.7262813522 0.0100000000
604 2.7382256298 0.0100000000
719 2.7442371021 0.0100000000
886 2.9585798817 0.0100000000
893 3.0525030525 0.0100000000
981 3.2509752926 0.0100000000
1384 3.4199726402 0.0100000000
20281 3.5765379113 0.0100000000
100000 3.5765379113 0.0100000000
