evaluations raw_y evaporation_rate
1 -0.5255955036 1.0000000000
2 -0.5240739652 1.0000000000
35 -0.5208237444 1.0000000000
60 -0.5116412134 1.0000000000
105 -0.5049428501 1.0000000000
108 -0.4968495641 1.0000000000
120 -0.4945081087 1.0000000000
151 -0.4943407814 1.0000000000
155 -0.4774913826 1.0000000000
216 -0.4634071498 1.0000000000
238 -0.4608450746 1.0000000000
296 -0.4525956946 1.0000000000
346 -0.4507594554 1.0000000000
416 -0.4453745767 1.0000000000
425 -0.4438436002 1.0000000000
440 -0.4435774604 1.0000000000
514 -0.4368524232 1.0000000000
525 -0.4269341247 1.0000000000
643 -0.4245715039 1.0000000000
644 -0.4203293576 1.0000000000
673 -0.4182663246 1.0000000000
755 -0.4139445931 1.0000000000
814 -0.4126830369 1.0000000000
853 -0.4120247823 1.0000000000
895 -0.4112319369 1.0000000000
985 -0.4073232724 1.0000000000
1033 -0.3995104545 1.0000000000
1409 -0.3944051474 1.0000000000
1418 -0.3895301411 1.0000000000
1452 -0.3865463415 1.0000000000
1609 -0.3799010163 1.0000000000
1629 -0.3749772102 1.0000000000
1743 -0.3707708656 1.0000000000
1747 -0.3685090789 1.0000000000
1751 -0.3678426025 1.0000000000
1846 -0.3643651112 1.0000000000
1927 -0.3636240938 1.0000000000
1994 -0.3634319124 1.0000000000
2004 -0.3627358616 1.0000000000
2080 -0.3548883497 1.0000000000
2297 -0.3548256738 1.0000000000
2354 -0.3521229185 1.0000000000
2360 -0.3508621225 1.0000000000
2492 -0.3503323797 1.0000000000
2566 -0.3459671940 1.0000000000
2904 -0.3433130640 1.0000000000
3342 -0.3389610828 1.0000000000
3407 -0.3354983241 1.0000000000
3996 -0.3344972837 1.0000000000
4358 -0.3334882719 1.0000000000
4773 -0.3322579817 1.0000000000
5632 -0.3321315762 1.0000000000
5835 -0.3268119404 1.0000000000
6955 -0.3256708817 1.0000000000
7003 -0.3251907617 1.0000000000
7486 -0.3214692981 1.0000000000
9276 -0.3165153095 1.0000000000
100000 -0.3167074910 1.0000000000
evaluations raw_y evaporation_rate
1 -0.5042901979 1.0000000000
49 -0.5024065496 1.0000000000
51 -0.4916771009 1.0000000000
68 -0.4911357688 1.0000000000
89 -0.4819008815 1.0000000000
93 -0.4813711388 1.0000000000
99 -0.4752743918 1.0000000000
158 -0.4703428932 1.0000000000
165 -0.4685399408 1.0000000000
177 -0.4665834774 1.0000000000
196 -0.4647074389 1.0000000000
220 -0.4541844404 1.0000000000
239 -0.4528261270 1.0000000000
314 -0.4474090056 1.0000000000
334 -0.4456376266 1.0000000000
403 -0.4456292415 1.0000000000
444 -0.4376066949 1.0000000000
459 -0.4332547137 1.0000000000
500 -0.4161139095 1.0000000000
508 -0.4106930785 1.0000000000
514 -0.4051010770 1.0000000000
523 -0.3971217416 1.0000000000
537 -0.3954395166 1.0000000000
633 -0.3898007498 1.0000000000
658 -0.3879763381 1.0000000000
800 -0.3845135794 1.0000000000
828 -0.3841717503 1.0000000000
852 -0.3834988401 1.0000000000
957 -0.3805150406 1.0000000000
1099 -0.3774673757 1.0000000000
1133 -0.3667047106 1.0000000000
1159 -0.3613958346 1.0000000000
1224 -0.3553547173 1.0000000000
1361 -0.3541244271 1.0000000000
1363 -0.3538003889 1.0000000000
1400 -0.3519762487 1.0000000000
1412 -0.3507089878 1.0000000000
1496 -0.3469448948 1.0000000000
1497 -0.3443564109 1.0000000000
1555 -0.3417022809 1.0000000000
1585 -0.3412221609 1.0000000000
1606 -0.3404598631 1.0000000000
1708 -0.3342557044 1.0000000000
1846 -0.3335596536 1.0000000000
2464 -0.3306152809 1.0000000000
2837 -0.3239249665 1.0000000000
3652 -0.3197186219 1.0000000000
5007 -0.3112045995 1.0000000000
100000 -0.3112045995 1.0000000000
evaluations raw_y evaporation_rate
1 -0.5425963596 1.0000000000
5 -0.5425879744 1.0000000000
72 -0.5353054920 1.0000000000
86 -0.5247316538 1.0000000000
98 -0.5137027910 1.0000000000
102 -0.5031683904 1.0000000000
108 -0.4971228608 1.0000000000
116 -0.4970178207 1.0000000000
205 -0.4906422789 1.0000000000
209 -0.4878205135 1.0000000000
212 -0.4804434962 1.0000000000
213 -0.4754895076 1.0000000000
268 -0.4676766897 1.0000000000
290 -0.4658404506 1.0000000000
354 -0.4591154134 1.0000000000
380 -0.4473232586 1.0000000000
426 -0.4365804827 1.0000000000
449 -0.4318070952 1.0000000000
507 -0.4300961997 1.0000000000
611 -0.4254640001 1.0000000000
641 -0.4250242709 1.0000000000
649 -0.4193293518 1.0000000000
826 -0.4186399351 1.0000000000
874 -0.4174096449 1.0000000000
890 -0.4109940232 1.0000000000
899 -0.4103774410 1.0000000000
911 -0.4089355324 1.0000000000
918 -0.4020890299 1.0000000000
976 -0.3986262712 1.0000000000
1000 -0.3951467167 1.0000000000
1046 -0.3941456763 1.0000000000
1113 -0.3861492434 1.0000000000
1116 -0.3830729410 1.0000000000
1152 -0.3818014327 1.0000000000
1191 -0.3804772290 1.0000000000
1197 -0.3786742766 1.0000000000
1204 -0.3760079932 1.0000000000
1258 -0.3716428075 1.0000000000
1434 -0.3698676307 1.0000000000
1436 -0.3658145497 1.0000000000
1606 -0.3596103910 1.0000000000
1625 -0.3557257104 1.0000000000
1657 -0.3554595705 1.0000000000
2063 -0.3536881915 1.0000000000
2159 -0.3458740124 1.0000000000
2243 -0.3425486550 1.0000000000
2340 -0.3418950899 1.0000000000
2557 -0.3414149699 1.0000000000
2579 -0.3407189191 1.0000000000
2683 -0.3372786299 1.0000000000
2836 -0.3365005383 1.0000000000
3081 -0.3279865159 1.0000000000
3483 -0.3279294531 1.0000000000
3959 -0.3182090163 1.0000000000
4021 -0.3116756131 1.0000000000
82146 -0.3081513210 1.0000000000
100000 -0.3081513210 1.0000000000
evaluations raw_y evaporation_rate
1 -0.5296482635 1.0000000000
6 -0.5290783796 1.0000000000
48 -0.5240803392 1.0000000000
51 -0.5189219604 1.0000000000
73 -0.5177140496 1.0000000000
110 -0.5156012987 1.0000000000
127 -0.5050783002 1.0000000000
155 -0.5031218368 1.0000000000
197 -0.5026417168 1.0000000000
203 -0.5014114266 1.0000000000
221 -0.4934917464 1.0000000000
275 -0.4922993163 1.0000000000
343 -0.4915370185 1.0000000000
367 -0.4891729312 1.0000000000
371 -0.4851198501 1.0000000000
372 -0.4771234171 1.0000000000
490 -0.4668950386 1.0000000000
582 -0.4606063402 1.0000000000
600 -0.4544761378 1.0000000000
602 -0.4518220078 1.0000000000
652 -0.4485717870 1.0000000000
666 -0.4437602555 1.0000000000
728 -0.4365398091 1.0000000000
781 -0.4361918520 1.0000000000
893 -0.4357772066 1.0000000000
900 -0.4312633190 1.0000000000
954 -0.4300017628 1.0000000000
970 -0.4270562142 1.0000000000
993 -0.4257954182 1.0000000000
994 -0.4214434370 1.0000000000
1027 -0.4152435443 1.0000000000
1084 -0.4089554920 1.0000000000
1085 -0.4082594412 1.0000000000
1092 -0.4044690092 1.0000000000
1121 -0.4018374789 1.0000000000
1204 -0.3989189476 1.0000000000
1234 -0.3939656851 1.0000000000
1282 -0.3920946658 1.0000000000
1295 -0.3902917134 1.0000000000
1353 -0.3896334589 1.0000000000
1464 -0.3750656351 1.0000000000
1760 -0.3713000932 1.0000000000
1840 -0.3664208384 1.0000000000
1900 -0.3602561767 1.0000000000
1934 -0.3553021881 1.0000000000
2066 -0.3526853098 1.0000000000
2871 -0.3514180489 1.0000000000
2922 -0.3429040265 1.0000000000
3155 -0.3368584969 1.0000000000
3212 -0.3346533824 1.0000000000
3348 -0.3319900068 1.0000000000
3576 -0.3257858481 1.0000000000
3657 -0.3255789386 1.0000000000
3695 -0.3198764544 1.0000000000
3696 -0.3190746134 1.0000000000
4085 -0.3184580311 1.0000000000
4169 -0.3178044660 1.0000000000
4580 -0.3170263745 1.0000000000
4738 -0.3166948004 1.0000000000
7057 -0.3087154650 1.0000000000
100000 -0.3087154650 1.0000000000
evaluations raw_y evaporation_rate
1 -0.4894263915 1.0000000000
8 -0.4877441666 1.0000000000
36 -0.4864236040 1.0000000000
85 -0.4846522250 1.0000000000
99 -0.4801078925 1.0000000000
159 -0.4735744894 1.0000000000
272 -0.4706412467 1.0000000000
276 -0.4703096727 1.0000000000
282 -0.4654981412 1.0000000000
304 -0.4616345334 1.0000000000
406 -0.4549361702 1.0000000000
444 -0.4425008020 1.0000000000
447 -0.4361231587 1.0000000000
477 -0.4352992559 1.0000000000
478 -0.4326092741 1.0000000000
503 -0.4185250414 1.0000000000
526 -0.4166173843 1.0000000000
545 -0.4166089991 1.0000000000
604 -0.4153474429 1.0000000000
808 -0.4151801156 1.0000000000
852 -0.4090833687 1.0000000000
887 -0.4047075158 1.0000000000
921 -0.3998066797 1.0000000000
1050 -0.3919925005 1.0000000000
1092 -0.3841548378 1.0000000000
1159 -0.3799484932 1.0000000000
1221 -0.3789394813 1.0000000000
1245 -0.3754767226 1.0000000000
1291 -0.3714236416 1.0000000000
1353 -0.3699021032 1.0000000000
1399 -0.3587563143 1.0000000000
1444 -0.3507337677 1.0000000000
1538 -0.3499927503 1.0000000000
1755 -0.3465524611 1.0000000000
1828 -0.3461127319 1.0000000000
1967 -0.3448824418 1.0000000000
2047 -0.3372032496 1.0000000000
2182 -0.3269664571 1.0000000000
3419 -0.3220124686 1.0000000000
4118 -0.3150738212 1.0000000000
4751 -0.3089787740 1.0000000000
5713 -0.3066710235 1.0000000000
6788 -0.3061909035 1.0000000000
52976 -0.3026666114 1.0000000000
100000 -0.3026666114 1.0000000000
evaluations raw_y evaporation_rate
1 -0.5121578576 1.0000000000
34 -0.5090651505 1.0000000000
51 -0.5041111620 1.0000000000
60 -0.5035412780 1.0000000000
67 -0.4944697324 1.0000000000
77 -0.4838958942 1.0000000000
95 -0.4804556051 1.0000000000
96 -0.4723623190 1.0000000000
131 -0.4682970541 1.0000000000
145 -0.4655942988 1.0000000000
148 -0.4583738524 1.0000000000
163 -0.4515273498 1.0000000000
170 -0.4491059669 1.0000000000
182 -0.4353545577 1.0000000000
284 -0.4299315154 1.0000000000
295 -0.4226490329 1.0000000000
319 -0.4179541054 1.0000000000
324 -0.4149611237 1.0000000000
334 -0.4136718330 1.0000000000
341 -0.4056754000 1.0000000000
342 -0.4037037489 1.0000000000
373 -0.4032197063 1.0000000000
491 -0.4027446830 1.0000000000
571 -0.3985383384 1.0000000000
644 -0.3937649509 1.0000000000
659 -0.3929868593 1.0000000000
718 -0.3821113872 1.0000000000
727 -0.3803400082 1.0000000000
751 -0.3780483080 1.0000000000
794 -0.3776474940 1.0000000000
894 -0.3729131014 1.0000000000
970 -0.3685479157 1.0000000000
1260 -0.3684215102 1.0000000000
1312 -0.3671809766 1.0000000000
1324 -0.3573733661 1.0000000000
1385 -0.3534260588 1.0000000000
1527 -0.3481064230 1.0000000000
1646 -0.3472781114 1.0000000000
1685 -0.3465370940 1.0000000000
1871 -0.3458410432 1.0000000000
1917 -0.3378617077 1.0000000000
1949 -0.3374470624 1.0000000000
1954 -0.3325462263 1.0000000000
2691 -0.3292208688 1.0000000000
2834 -0.3251677878 1.0000000000
2992 -0.3225793039 1.0000000000
3359 -0.3210483275 1.0000000000
4202 -0.3186857066 1.0000000000
4282 -0.3148010260 1.0000000000
4857 -0.3121468960 1.0000000000
6368 -0.3115303138 1.0000000000
100000 -0.3115303138 1.0000000000
evaluations raw_y evaporation_rate
1 -0.5262623277 1.0000000000
67 -0.5256852949 1.0000000000
78 -0.5195206331 1.0000000000
82 -0.5181481699 1.0000000000
93 -0.5151643704 1.0000000000
104 -0.5129592560 1.0000000000
129 -0.5075603140 1.0000000000
148 -0.4986811197 1.0000000000
168 -0.4905816885 1.0000000000
184 -0.4890507121 1.0000000000
209 -0.4857468734 1.0000000000
321 -0.4779092106 1.0000000000
357 -0.4727597330 1.0000000000
390 -0.4703994028 1.0000000000
408 -0.4666353099 1.0000000000
410 -0.4640861234 1.0000000000
433 -0.4626922707 1.0000000000
480 -0.4600022889 1.0000000000
482 -0.4553700893 1.0000000000
533 -0.4553130265 1.0000000000
538 -0.4491088678 1.0000000000
564 -0.4484128170 1.0000000000
605 -0.4471520210 1.0000000000
678 -0.4457722279 1.0000000000
728 -0.4397408205 1.0000000000
846 -0.4336952910 1.0000000000
889 -0.4244604036 1.0000000000
930 -0.4210201144 1.0000000000
952 -0.4168503125 1.0000000000
973 -0.4068205963 1.0000000000
1163 -0.4060795789 1.0000000000
1175 -0.4017143932 1.0000000000
1193 -0.3973701726 1.0000000000
1340 -0.3947067970 1.0000000000
1412 -0.3934662634 1.0000000000
1501 -0.3871858233 1.0000000000
1596 -0.3795066312 1.0000000000
1663 -0.3791750572 1.0000000000
1670 -0.3742742211 1.0000000000
1709 -0.3734723801 1.0000000000
1767 -0.3733459746 1.0000000000
1848 -0.3685011199 1.0000000000
1911 -0.3583240053 1.0000000000
2166 -0.3583156202 1.0000000000
2308 -0.3567940818 1.0000000000
2329 -0.3532120037 1.0000000000
2719 -0.3510700221 1.0000000000
2938 -0.3457503863 1.0000000000
3107 -0.3355135938 1.0000000000
3190 -0.3336425745 1.0000000000
3236 -0.3309884445 1.0000000000
3376 -0.3212680077 1.0000000000
3452 -0.3159088119 1.0000000000
3703 -0.3146682783 1.0000000000
3840 -0.3131832014 1.0000000000
5034 -0.3125666191 1.0000000000
5156 -0.3123597095 1.0000000000
5201 -0.3066572254 1.0000000000
100000 -0.3066572254 1.0000000000
evaluations raw_y evaporation_rate
1 -0.5124320140 1.0000000000
20 -0.5031325587 1.0000000000
57 -0.4979741799 1.0000000000
73 -0.4958874491 1.0000000000
76 -0.4936295192 1.0000000000
81 -0.4897334931 1.0000000000
107 -0.4879305406 1.0000000000
113 -0.4830158502 1.0000000000
123 -0.4820148098 1.0000000000
132 -0.4751683073 1.0000000000
156 -0.4745100527 1.0000000000
160 -0.4645917542 1.0000000000
161 -0.4623698737 1.0000000000
191 -0.4621037339 1.0000000000
229 -0.4586409752 1.0000000000
241 -0.4505415440 1.0000000000
323 -0.4456665377 1.0000000000
375 -0.4430260118 1.0000000000
388 -0.4412546328 1.0000000000
417 -0.4405136154 1.0000000000
432 -0.4395094831 1.0000000000
471 -0.4347750905 1.0000000000
514 -0.4342949705 1.0000000000
597 -0.4302297056 1.0000000000
747 -0.4165112991 1.0000000000
766 -0.4149897608 1.0000000000
804 -0.4137224998 1.0000000000
965 -0.4080200157 1.0000000000
1057 -0.4073239648 1.0000000000
1178 -0.4016945184 1.0000000000
1387 -0.3936980854 1.0000000000
1515 -0.3882772544 1.0000000000
1525 -0.3777034163 1.0000000000
1600 -0.3697837361 1.0000000000
1930 -0.3659874588 1.0000000000
2019 -0.3553912450 1.0000000000
2021 -0.3531294584 1.0000000000
2282 -0.3438945710 1.0000000000
2430 -0.3343746202 1.0000000000
3610 -0.3241975056 1.0000000000
3799 -0.3198323199 1.0000000000
3991 -0.3107607743 1.0000000000
4665 -0.3107523891 1.0000000000
100000 -0.3107523891 1.0000000000
evaluations raw_y evaporation_rate
1 -0.5085643270 1.0000000000
12 -0.5023290923 1.0000000000
21 -0.4947520591 1.0000000000
72 -0.4869378800 1.0000000000
76 -0.4845775498 1.0000000000
172 -0.4796460512 1.0000000000
188 -0.4763050512 1.0000000000
208 -0.4762966660 1.0000000000
253 -0.4739325787 1.0000000000
330 -0.4578416784 1.0000000000
518 -0.4560387260 1.0000000000
530 -0.4546917853 1.0000000000
564 -0.4506387042 1.0000000000
595 -0.4388465494 1.0000000000
608 -0.4355436688 1.0000000000
653 -0.4315937803 1.0000000000
688 -0.4281534911 1.0000000000
706 -0.4278055340 1.0000000000
826 -0.4265524304 1.0000000000
883 -0.4246447733 1.0000000000
896 -0.4211577158 1.0000000000
897 -0.4157346735 1.0000000000
1079 -0.4147256616 1.0000000000
1088 -0.4121764752 1.0000000000
1098 -0.4044972831 1.0000000000
1152 -0.4015043014 1.0000000000
1194 -0.3909304632 1.0000000000
1283 -0.3897001731 1.0000000000
1349 -0.3789573971 1.0000000000
1657 -0.3744214498 1.0000000000
1720 -0.3736196088 1.0000000000
1817 -0.3713578222 1.0000000000
1881 -0.3707078346 1.0000000000
1943 -0.3701780919 1.0000000000
2198 -0.3678986435 1.0000000000
2290 -0.3613652404 1.0000000000
2340 -0.3613568552 1.0000000000
2567 -0.3610643112 1.0000000000
2695 -0.3607402730 1.0000000000
2982 -0.3600442222 1.0000000000
3173 -0.3580748810 1.0000000000
3175 -0.3491956866 1.0000000000
3392 -0.3464929312 1.0000000000
3631 -0.3457306335 1.0000000000
3755 -0.3384481510 1.0000000000
4326 -0.3340829653 1.0000000000
5132 -0.3330819249 1.0000000000
7082 -0.3269868777 1.0000000000
7738 -0.3260699418 1.0000000000
8200 -0.3258630322 1.0000000000
8606 -0.3253829122 1.0000000000
8836 -0.3214982317 1.0000000000
100000 -0.3214982317 1.0000000000
evaluations raw_y evaporation_rate
1 -0.5623596320 1.0000000000
16 -0.5574063695 1.0000000000
21 -0.5493069384 1.0000000000
27 -0.5470274900 1.0000000000
33 -0.5364807342 1.0000000000
65 -0.5300291029 1.0000000000
134 -0.5230878895 1.0000000000
153 -0.5205387031 1.0000000000
178 -0.5148437840 1.0000000000
240 -0.5091457449 1.0000000000
255 -0.5041575485 1.0000000000
287 -0.4963086137 1.0000000000
330 -0.4854135488 1.0000000000
416 -0.4846354572 1.0000000000
477 -0.4816516577 1.0000000000
478 -0.4711629756 1.0000000000
491 -0.4685744917 1.0000000000
530 -0.4671946986 1.0000000000
534 -0.4574814417 1.0000000000
564 -0.4551544642 1.0000000000
598 -0.4489898024 1.0000000000
641 -0.4410701222 1.0000000000
662 -0.4377291222 1.0000000000
739 -0.4371993795 1.0000000000
771 -0.4349191560 1.0000000000
791 -0.4260303472 1.0000000000
792 -0.4242062070 1.0000000000
825 -0.4204926608 1.0000000000
828 -0.4196301498 1.0000000000
1095 -0.4119509577 1.0000000000
1098 -0.4084881990 1.0000000000
1195 -0.4062287394 1.0000000000
1280 -0.4035746094 1.0000000000
1297 -0.3946954150 1.0000000000
1412 -0.3806111822 1.0000000000
1430 -0.3791371877 1.0000000000
1536 -0.3689003952 1.0000000000
1745 -0.3680985541 1.0000000000
1801 -0.3679063727 1.0000000000
1819 -0.3599099398 1.0000000000
1828 -0.3501895030 1.0000000000
1917 -0.3456005616 1.0000000000
2201 -0.3449045108 1.0000000000
2274 -0.3363904883 1.0000000000
2440 -0.3288695147 1.0000000000
2518 -0.3276022537 1.0000000000
2737 -0.3268004127 1.0000000000
2762 -0.3220660201 1.0000000000
100000 -0.3220660201 1.0000000000
evaluations raw_y evaporation_rate
1 -0.5255955036 0.1000000000
2 -0.4850467920 0.1000000000
8 -0.4781770583 0.1000000000
10 -0.4709531006 0.1000000000
12 -0.4280072331 0.1000000000
33 -0.4241274199 0.1000000000
39 -0.4236420473 0.1000000000
42 -0.4232274020 0.1000000000
50 -0.4229055201 0.1000000000
51 -0.4187971927 0.1000000000
53 -0.4183138326 0.1000000000
65 -0.4132121196 0.1000000000
67 -0.4088384958 0.1000000000
104 -0.4037367829 0.1000000000
151 -0.4035694555 0.1000000000
165 -0.4029586913 0.1000000000
175 -0.4027913639 0.1000000000
306 -0.3966963167 0.1000000000
346 -0.3926310518 0.1000000000
414 -0.3876770633 0.1000000000
425 -0.3861460868 0.1000000000
570 -0.3799419281 0.1000000000
643 -0.3775793072 0.1000000000
772 -0.3765945903 0.1000000000
786 -0.3710688782 0.1000000000
814 -0.3702670372 0.1000000000
855 -0.3685561417 0.1000000000
921 -0.3634066641 0.1000000000
939 -0.3588927764 0.1000000000
985 -0.3565286891 0.1000000000
1033 -0.3515754266 0.1000000000
1142 -0.3498040476 0.1000000000
1155 -0.3441015634 0.1000000000
1157 -0.3439652853 0.1000000000
1160 -0.3421939063 0.1000000000
1217 -0.3381408252 0.1000000000
1609 -0.3314955000 0.1000000000
1784 -0.3310153800 0.1000000000
1927 -0.3302743626 0.1000000000
1994 -0.3300821812 0.1000000000
2056 -0.3294655990 0.1000000000
2337 -0.3188917608 0.1000000000
2501 -0.3188833757 0.1000000000
2772 -0.3176909456 0.1000000000
3996 -0.3166899052 0.1000000000
8224 -0.3139955611 0.1000000000
100000 -0.3141877425 0.1000000000
evaluations raw_y evaporation_rate
1 -0.5042901979 0.1000000000
2 -0.4914822958 0.1000000000
9 -0.4497917707 0.1000000000
18 -0.4406966967 0.1000000000
30 -0.4337594193 0.1000000000
32 -0.4324882447 0.1000000000
36 -0.4249391800 0.1000000000
40 -0.4128742481 0.1000000000
45 -0.4109881717 0.1000000000
53 -0.4101863307 0.1000000000
57 -0.4063576896 0.1000000000
80 -0.4055558486 0.1000000000
89 -0.4036549343 0.1000000000
93 -0.4028530932 0.1000000000
103 -0.3997050457 0.1000000000
115 -0.3989032047 0.1000000000
158 -0.3976424087 0.1000000000
177 -0.3876398597 0.1000000000
220 -0.3832746739 0.1000000000
239 -0.3825545397 0.1000000000
334 -0.3767551324 0.1000000000
495 -0.3750527169 0.1000000000
498 -0.3744756840 0.1000000000
500 -0.3739169008 0.1000000000
600 -0.3724749923 0.1000000000
660 -0.3679042049 0.1000000000
664 -0.3629906356 0.1000000000
798 -0.3527748170 0.1000000000
885 -0.3520337996 0.1000000000
949 -0.3517822609 0.1000000000
1102 -0.3505898307 0.1000000000
1361 -0.3493595406 0.1000000000
1496 -0.3455954476 0.1000000000
1597 -0.3453885380 0.1000000000
1606 -0.3448331498 0.1000000000
1611 -0.3446262403 0.1000000000
1846 -0.3439301894 0.1000000000
1861 -0.3378351422 0.1000000000
2027 -0.3343576509 0.1000000000
2218 -0.3304729703 0.1000000000
2438 -0.3297835536 0.1000000000
2461 -0.3294519796 0.1000000000
3211 -0.3267978496 0.1000000000
3376 -0.3261442845 0.1000000000
4464 -0.3256641645 0.1000000000
4589 -0.3191307613 0.1000000000
100000 -0.3191307613 0.1000000000
evaluations raw_y evaporation_rate
1 -0.5425963596 0.1000000000
3 -0.5192108706 0.1000000000
5 -0.4967667746 0.1000000000
22 -0.4962866546 0.1000000000
26 -0.4830535957 0.1000000000
32 -0.4709234074 0.1000000000
37 -0.4677789848 0.1000000000
40 -0.4563187106 0.1000000000
56 -0.4460726614 0.1000000000
59 -0.4455925414 0.1000000000
86 -0.4350187033 0.1000000000
98 -0.4299561760 0.1000000000
108 -0.4239106464 0.1000000000
142 -0.4216311980 0.1000000000
160 -0.4207032031 0.1000000000
212 -0.4134533942 0.1000000000
217 -0.4096571169 0.1000000000
268 -0.4018442990 0.1000000000
276 -0.3997023174 0.1000000000
354 -0.3933821658 0.1000000000
523 -0.3930581275 0.1000000000
537 -0.3925831042 0.1000000000
630 -0.3823482177 0.1000000000
641 -0.3808742232 0.1000000000
826 -0.3801848065 0.1000000000
899 -0.3795682242 0.1000000000
1000 -0.3760886697 0.1000000000
1082 -0.3709391920 0.1000000000
1113 -0.3642408288 0.1000000000
1204 -0.3565616367 0.1000000000
1258 -0.3521964509 0.1000000000
1625 -0.3483117704 0.1000000000
1652 -0.3437978828 0.1000000000
1654 -0.3430568654 0.1000000000
1973 -0.3422945677 0.1000000000
2159 -0.3386249709 0.1000000000
2579 -0.3379289201 0.1000000000
2683 -0.3344886309 0.1000000000
3013 -0.3319001470 0.1000000000
3081 -0.3233861246 0.1000000000
3468 -0.3221253286 0.1000000000
3571 -0.3194711985 0.1000000000
4021 -0.3129377954 0.1000000000
4843 -0.3091737024 0.1000000000
100000 -0.3091737024 0.1000000000
evaluations raw_y evaporation_rate
1 -0.5296482635 0.1000000000
3 -0.5134678964 0.1000000000
4 -0.4799819160 0.1000000000
6 -0.4470892690 0.1000000000
19 -0.4373442483 0.1000000000
26 -0.4277079447 0.1000000000
54 -0.4230774626 0.1000000000
61 -0.4214198924 0.1000000000
73 -0.4145672371 0.1000000000
127 -0.4102020514 0.1000000000
244 -0.4098540943 0.1000000000
259 -0.4078824433 0.1000000000
372 -0.3998860103 0.1000000000
450 -0.3977440287 0.1000000000
473 -0.3951555448 0.1000000000
490 -0.3933841658 0.1000000000
596 -0.3872195041 0.1000000000
602 -0.3845653740 0.1000000000
609 -0.3817737627 0.1000000000
620 -0.3771432806 0.1000000000
628 -0.3767513804 0.1000000000
631 -0.3721208983 0.1000000000
652 -0.3688706775 0.1000000000
666 -0.3640591460 0.1000000000
682 -0.3627876377 0.1000000000
698 -0.3620466204 0.1000000000
893 -0.3585838617 0.1000000000
900 -0.3540699741 0.1000000000
970 -0.3518512155 0.1000000000
973 -0.3518207097 0.1000000000
978 -0.3505904195 0.1000000000
1085 -0.3498943687 0.1000000000
1092 -0.3467999876 0.1000000000
1096 -0.3461039367 0.1000000000
1288 -0.3388214543 0.1000000000
1363 -0.3388130691 0.1000000000
1416 -0.3381595041 0.1000000000
1465 -0.3335600848 0.1000000000
1527 -0.3330303421 0.1000000000
1717 -0.3320293017 0.1000000000
1840 -0.3316772601 0.1000000000
1934 -0.3267232715 0.1000000000
2240 -0.3261533876 0.1000000000
2871 -0.3237930574 0.1000000000
2922 -0.3152790350 0.1000000000
3010 -0.3063998406 0.1000000000
4085 -0.3057832584 0.1000000000
4580 -0.3050051668 0.1000000000
4738 -0.3046735927 0.1000000000
100000 -0.3046735927 0.1000000000
evaluations raw_y evaporation_rate
1 -0.4894263915 0.1000000000
5 -0.4476231584 0.1000000000
25 -0.4398042305 0.1000000000
33 -0.4351727862 0.1000000000
42 -0.4343955170 0.1000000000
48 -0.4289246401 0.1000000000
53 -0.4167608027 0.1000000000
66 -0.4145640734 0.1000000000
73 -0.4145556882 0.1000000000
85 -0.4127843092 0.1000000000
272 -0.4098510665 0.1000000000
276 -0.4095194925 0.1000000000
326 -0.4046746379 0.1000000000
406 -0.3979762746 0.1000000000
447 -0.3915986313 0.1000000000
477 -0.3907747285 0.1000000000
537 -0.3906913986 0.1000000000
571 -0.3874411778 0.1000000000
808 -0.3872738505 0.1000000000
852 -0.3811771035 0.1000000000
921 -0.3762762674 0.1000000000
954 -0.3711178886 0.1000000000
1004 -0.3704643236 0.1000000000
1159 -0.3662579790 0.1000000000
1221 -0.3652489671 0.1000000000
1244 -0.3644931224 0.1000000000
1255 -0.3585967419 0.1000000000
1291 -0.3545436608 0.1000000000
1310 -0.3495903983 0.1000000000
1354 -0.3476827412 0.1000000000
1444 -0.3396601946 0.1000000000
1538 -0.3389191773 0.1000000000
1828 -0.3384794480 0.1000000000
1967 -0.3372491579 0.1000000000
2047 -0.3295699657 0.1000000000
2182 -0.3193331732 0.1000000000
2463 -0.3176509483 0.1000000000
2984 -0.3164104146 0.1000000000
3830 -0.3157938324 0.1000000000
4118 -0.3088551850 0.1000000000
4751 -0.3027601378 0.1000000000
5713 -0.3004523874 0.1000000000
6788 -0.2999722674 0.1000000000
100000 -0.2999722674 0.1000000000
evaluations raw_y evaporation_rate
1 -0.5121578576 0.1000000000
2 -0.4810757075 0.1000000000
8 -0.4646777628 0.1000000000
14 -0.4537084873 0.1000000000
22 -0.4432303992 0.1000000000
33 -0.4364417652 0.1000000000
36 -0.4319489892 0.1000000000
42 -0.4269278645 0.1000000000
48 -0.4223381950 0.1000000000
55 -0.4158317042 0.1000000000
59 -0.4124977243 0.1000000000
66 -0.4121558952 0.1000000000
95 -0.4087156060 0.1000000000
131 -0.4046503411 0.1000000000
145 -0.3952448266 0.1000000000
152 -0.3911795617 0.1000000000
160 -0.3885132784 0.1000000000
170 -0.3860918955 0.1000000000
197 -0.3741011413 0.1000000000
216 -0.3694706592 0.1000000000
295 -0.3621881768 0.1000000000
319 -0.3574932492 0.1000000000
334 -0.3552713687 0.1000000000
571 -0.3517918142 0.1000000000
749 -0.3463636266 0.1000000000
751 -0.3440719264 0.1000000000
761 -0.3366431898 0.1000000000
948 -0.3317116912 0.1000000000
1276 -0.3294039408 0.1000000000
1301 -0.3245590861 0.1000000000
1485 -0.3221987559 0.1000000000
1805 -0.3184346630 0.1000000000
1917 -0.3104553275 0.1000000000
2460 -0.3055544914 0.1000000000
2989 -0.3055461063 0.1000000000
11091 -0.3042201084 0.1000000000
100000 -0.3042201084 0.1000000000
evaluations raw_y evaporation_rate
1 -0.5262623277 0.1000000000
2 -0.4907817175 0.1000000000
6 -0.4834055541 0.1000000000
9 -0.4789697138 0.1000000000
16 -0.4699381396 0.1000000000
24 -0.4680964427 0.1000000000
25 -0.4630352589 0.1000000000
36 -0.4592148885 0.1000000000
38 -0.4546709619 0.1000000000
39 -0.4533697162 0.1000000000
41 -0.4501449448 0.1000000000
45 -0.4458047582 0.1000000000
46 -0.4451829536 0.1000000000
52 -0.4322034703 0.1000000000
63 -0.4302341291 0.1000000000
64 -0.4267938399 0.1000000000
70 -0.4242446535 0.1000000000
78 -0.4206291782 0.1000000000
88 -0.4180799918 0.1000000000
148 -0.4142163839 0.1000000000
152 -0.4097024963 0.1000000000
172 -0.4092223763 0.1000000000
180 -0.4075114808 0.1000000000
222 -0.4049229969 0.1000000000
230 -0.4048709549 0.1000000000
234 -0.4022824710 0.1000000000
295 -0.4004795186 0.1000000000
317 -0.3972965900 0.1000000000
335 -0.3947345148 0.1000000000
408 -0.3941002702 0.1000000000
495 -0.3875750000 0.1000000000
580 -0.3836243815 0.1000000000
605 -0.3823635855 0.1000000000
709 -0.3750811030 0.1000000000
728 -0.3671614229 0.1000000000
846 -0.3611158933 0.1000000000
878 -0.3557310145 0.1000000000
1056 -0.3501856853 0.1000000000
1123 -0.3452316967 0.1000000000
1145 -0.3451052912 0.1000000000
1412 -0.3438647576 0.1000000000
1501 -0.3413255442 0.1000000000
1506 -0.3400850105 0.1000000000
1596 -0.3324058184 0.1000000000
1619 -0.3320639893 0.1000000000
1626 -0.3294098593 0.1000000000
1650 -0.3275736201 0.1000000000
1663 -0.3272420461 0.1000000000
1708 -0.3266254638 0.1000000000
1848 -0.3217806092 0.1000000000
2084 -0.3170072216 0.1000000000
2480 -0.3160061813 0.1000000000
3382 -0.3152280897 0.1000000000
3806 -0.3099084539 0.1000000000
8735 -0.3038445467 0.1000000000
8738 -0.3023705522 0.1000000000
100000 -0.3023705522 0.1000000000
evaluations raw_y evaporation_rate
1 -0.5124320140 0.1000000000
2 -0.5006987915 0.1000000000
3 -0.4868594720 0.1000000000
4 -0.4735264995 0.1000000000
9 -0.4524944437 0.1000000000
15 -0.4488723011 0.1000000000
16 -0.4433623969 0.1000000000
17 -0.4339675551 0.1000000000
18 -0.4260371794 0.1000000000
33 -0.4245717412 0.1000000000
36 -0.4205714921 0.1000000000
43 -0.4139750468 0.1000000000
51 -0.4084762345 0.1000000000
61 -0.4030014427 0.1000000000
63 -0.3996650761 0.1000000000
65 -0.3993614026 0.1000000000
73 -0.3981006066 0.1000000000
76 -0.3968600730 0.1000000000
114 -0.3939268303 0.1000000000
180 -0.3909636925 0.1000000000
186 -0.3880304498 0.1000000000
191 -0.3877643100 0.1000000000
194 -0.3836900378 0.1000000000
208 -0.3834238979 0.1000000000
210 -0.3777936573 0.1000000000
301 -0.3775867478 0.1000000000
323 -0.3746203211 0.1000000000
422 -0.3661062987 0.1000000000
514 -0.3656261787 0.1000000000
622 -0.3644197643 0.1000000000
624 -0.3559057419 0.1000000000
709 -0.3521153099 0.1000000000
738 -0.3514987276 0.1000000000
766 -0.3499771892 0.1000000000
928 -0.3476694388 0.1000000000
965 -0.3419669546 0.1000000000
1132 -0.3413970707 0.1000000000
1155 -0.3382926809 0.1000000000
1162 -0.3370318849 0.1000000000
1165 -0.3306134888 0.1000000000
1172 -0.3293526928 0.1000000000
1603 -0.3289722034 0.1000000000
1872 -0.3228075417 0.1000000000
2019 -0.3163559103 0.1000000000
2205 -0.3141507959 0.1000000000
2808 -0.3103867029 0.1000000000
3610 -0.3002095883 0.1000000000
4137 -0.3000831828 0.1000000000
4665 -0.3000747977 0.1000000000
5612 -0.2947551619 0.1000000000
100000 -0.2947551619 0.1000000000
evaluations raw_y evaporation_rate
1 -0.5085643270 0.1000000000
2 -0.4892990793 0.1000000000
9 -0.4760584238 0.1000000000
18 -0.4632934439 0.1000000000
25 -0.4585315598 0.1000000000
26 -0.4506250658 0.1000000000
45 -0.4479448034 0.1000000000
56 -0.4453526357 0.1000000000
61 -0.4449518217 0.1000000000
62 -0.4445120925 0.1000000000
72 -0.4408424958 0.1000000000
176 -0.4385347453 0.1000000000
280 -0.4318363821 0.1000000000
290 -0.4265167463 0.1000000000
330 -0.4192669373 0.1000000000
344 -0.4166984492 0.1000000000
361 -0.4101731789 0.1000000000
410 -0.4098416049 0.1000000000
500 -0.4092073603 0.1000000000
595 -0.3974152055 0.1000000000
653 -0.3934653169 0.1000000000
688 -0.3900250277 0.1000000000
789 -0.3857032962 0.1000000000
820 -0.3821212181 0.1000000000
883 -0.3759565564 0.1000000000
939 -0.3724770018 0.1000000000
1003 -0.3724686167 0.1000000000
1074 -0.3694896878 0.1000000000
1079 -0.3684806760 0.1000000000
1098 -0.3637804127 0.1000000000
1107 -0.3608014839 0.1000000000
1143 -0.3558474953 0.1000000000
1196 -0.3513336077 0.1000000000
1215 -0.3500930741 0.1000000000
1283 -0.3488627839 0.1000000000
1349 -0.3467760531 0.1000000000
1582 -0.3467189903 0.1000000000
1657 -0.3376558298 0.1000000000
1670 -0.3376474447 0.1000000000
1732 -0.3366464043 0.1000000000
1878 -0.3348750253 0.1000000000
1881 -0.3342250378 0.1000000000
2210 -0.3312412383 0.1000000000
2319 -0.3309172000 0.1000000000
2548 -0.3282630700 0.1000000000
2567 -0.3279705260 0.1000000000
2570 -0.3276464877 0.1000000000
3173 -0.3256771465 0.1000000000
3631 -0.3249148488 0.1000000000
3755 -0.3176323663 0.1000000000
7082 -0.3115373190 0.1000000000
7738 -0.3085890619 0.1000000000
8606 -0.3081089419 0.1000000000
100000 -0.3081089419 0.1000000000
evaluations raw_y evaporation_rate
1 -0.5623596320 0.1000000000
2 -0.5316015838 0.1000000000
4 -0.5061853052 0.1000000000
5 -0.4882414458 0.1000000000
13 -0.4811719659 0.1000000000
16 -0.4741388053 0.1000000000
30 -0.4644911143 0.1000000000
49 -0.4587396731 0.1000000000
54 -0.4537284492 0.1000000000
58 -0.4523486561 0.1000000000
65 -0.4439451000 0.1000000000
73 -0.4425653070 0.1000000000
78 -0.4425159202 0.1000000000
124 -0.4362278679 0.1000000000
134 -0.4315342013 0.1000000000
156 -0.4300887152 0.1000000000
230 -0.4227160741 0.1000000000
287 -0.4200526985 0.1000000000
385 -0.4161020801 0.1000000000
416 -0.4153239885 0.1000000000
417 -0.4103995959 0.1000000000
445 -0.4085285766 0.1000000000
470 -0.4036837220 0.1000000000
477 -0.4031632248 0.1000000000
478 -0.4026747101 0.1000000000
491 -0.3969570729 0.1000000000
504 -0.3961128613 0.1000000000
587 -0.3907536655 0.1000000000
628 -0.3888486781 0.1000000000
654 -0.3865692296 0.1000000000
677 -0.3836348169 0.1000000000
678 -0.3835854301 0.1000000000
680 -0.3785898942 0.1000000000
688 -0.3684127796 0.1000000000
695 -0.3682454523 0.1000000000
702 -0.3652616527 0.1000000000
720 -0.3640008567 0.1000000000
763 -0.3559783102 0.1000000000
768 -0.3556467361 0.1000000000
791 -0.3460600117 0.1000000000
793 -0.3457284376 0.1000000000
847 -0.3453866085 0.1000000000
894 -0.3446085169 0.1000000000
922 -0.3430869785 0.1000000000
1080 -0.3424703963 0.1000000000
1098 -0.3390076376 0.1000000000
1187 -0.3357574168 0.1000000000
1272 -0.3304485408 0.1000000000
1430 -0.3300088116 0.1000000000
1456 -0.3287785214 0.1000000000
1745 -0.3279766804 0.1000000000
1827 -0.3226570446 0.1000000000
1828 -0.3182562436 0.1000000000
2076 -0.3179322053 0.1000000000
2084 -0.3166080016 0.1000000000
2201 -0.3159119508 0.1000000000
2260 -0.3154318308 0.1000000000
2291 -0.3153747680 0.1000000000
2435 -0.3100551321 0.1000000000
2440 -0.3025341585 0.1000000000
2485 -0.3025257733 0.1000000000
2809 -0.2992004159 0.1000000000
3026 -0.2985468508 0.1000000000
100000 -0.2985468508 0.1000000000
evaluations raw_y evaporation_rate
1 -0.5255955036 0.0100000000
2 -0.4881076654 0.0100000000
4 -0.4844057293 0.0100000000
11 -0.4829513746 0.0100000000
16 -0.4537530575 0.0100000000
30 -0.4519912328 0.0100000000
63 -0.4378183519 0.0100000000
96 -0.4335626401 0.0100000000
110 -0.4273636025 0.0100000000
138 -0.4268970974 0.0100000000
159 -0.4122493089 0.0100000000
221 -0.3953514210 0.0100000000
262 -0.3920576233 0.0100000000
293 -0.3719014210 0.0100000000
294 -0.3674230103 0.0100000000
371 -0.3583606879 0.0100000000
418 -0.3551815464 0.0100000000
456 -0.3528631196 0.0100000000
470 -0.3509613992 0.0100000000
527 -0.3484478423 0.0100000000
557 -0.3481035733 0.0100000000
563 -0.3478680954 0.0100000000
598 -0.3470317854 0.0100000000
606 -0.3405087984 0.0100000000
625 -0.3403414711 0.0100000000
654 -0.3399637925 0.0100000000
671 -0.3381396523 0.0100000000
814 -0.3373378113 0.0100000000
855 -0.3348894315 0.0100000000
878 -0.3340875905 0.0100000000
970 -0.3340611199 0.0100000000
974 -0.3328573003 0.0100000000
1010 -0.3328308297 0.0100000000
1030 -0.3320289887 0.0100000000
1260 -0.3316871596 0.0100000000
1264 -0.3271281526 0.0100000000
1335 -0.3267863235 0.0100000000
1409 -0.3203346921 0.0100000000
1486 -0.3181295777 0.0100000000
1927 -0.3173885603 0.0100000000
2000 -0.3162585584 0.0100000000
2029 -0.3155175411 0.0100000000
2072 -0.3148675536 0.0100000000
2360 -0.3136067575 0.0100000000
2501 -0.3135983724 0.0100000000
3903 -0.3098342794 0.0100000000
5632 -0.3097078740 0.0100000000
5835 -0.3043882382 0.0100000000
6955 -0.3032471795 0.0100000000
6962 -0.2982931909 0.0100000000
7003 -0.2978130709 0.0100000000
100000 -0.2978130709 0.0100000000
evaluations raw_y evaporation_rate
1 -0.5042901979 0.0100000000
2 -0.4840112610 0.0100000000
9 -0.4692690060 0.0100000000
26 -0.4621168588 0.0100000000
31 -0.4601959681 0.0100000000
39 -0.4479753117 0.0100000000
81 -0.4333640056 0.0100000000
122 -0.4311184934 0.0100000000
157 -0.4157462449 0.0100000000
222 -0.4053795404 0.0100000000
261 -0.4014713658 0.0100000000
284 -0.3814016374 0.0100000000
326 -0.3805718271 0.0100000000
366 -0.3762295304 0.0100000000
372 -0.3729866909 0.0100000000
434 -0.3701801072 0.0100000000
470 -0.3640346733 0.0100000000
499 -0.3591716407 0.0100000000
520 -0.3569005774 0.0100000000
579 -0.3549851823 0.0100000000
590 -0.3522594730 0.0100000000
653 -0.3510189393 0.0100000000
700 -0.3504890395 0.0100000000
743 -0.3504806544 0.0100000000
789 -0.3484183074 0.0100000000
807 -0.3471777738 0.0100000000
935 -0.3459246702 0.0100000000
1255 -0.3441217178 0.0100000000
1497 -0.3384040806 0.0100000000
1533 -0.3343509995 0.0100000000
1757 -0.3337811155 0.0100000000
1846 -0.3330850647 0.0100000000
1911 -0.3299615582 0.0100000000
1922 -0.3292655073 0.0100000000
2080 -0.3285032096 0.0100000000
2271 -0.3267923141 0.0100000000
2408 -0.3261757318 0.0100000000
3043 -0.3251746914 0.0100000000
3172 -0.3247600461 0.0100000000
5007 -0.3162460236 0.0100000000
5479 -0.3155795472 0.0100000000
9870 -0.3145705354 0.0100000000
10365 -0.3133402452 0.0100000000
100000 -0.3133402452 0.0100000000
evaluations raw_y evaporation_rate
1 -0.5425963596 0.0100000000
2 -0.5320629287 0.0100000000
3 -0.5201172831 0.0100000000
5 -0.5182175459 0.0100000000
6 -0.5134054385 0.0100000000
7 -0.4866223441 0.0100000000
18 -0.4860916000 0.0100000000
21 -0.4571802292 0.0100000000
44 -0.4459108864 0.0100000000
72 -0.4453881831 0.0100000000
74 -0.4449602974 0.0100000000
128 -0.4351226601 0.0100000000
156 -0.4244411489 0.0100000000
178 -0.4049985679 0.0100000000
257 -0.3957444777 0.0100000000
263 -0.3956772977 0.0100000000
303 -0.3893914262 0.0100000000
339 -0.3886370737 0.0100000000
347 -0.3769411539 0.0100000000
367 -0.3718261235 0.0100000000
462 -0.3698127800 0.0100000000
468 -0.3669547705 0.0100000000
483 -0.3649808581 0.0100000000
490 -0.3634654787 0.0100000000
494 -0.3603304840 0.0100000000
495 -0.3571075031 0.0100000000
538 -0.3569227197 0.0100000000
548 -0.3476816070 0.0100000000
577 -0.3470594487 0.0100000000
583 -0.3443177126 0.0100000000
590 -0.3435396226 0.0100000000
637 -0.3430595285 0.0100000000
646 -0.3427933886 0.0100000000
662 -0.3423230506 0.0100000000
675 -0.3406428802 0.0100000000
684 -0.3403738539 0.0100000000
689 -0.3403208892 0.0100000000
707 -0.3397231753 0.0100000000
737 -0.3384512832 0.0100000000
740 -0.3369046582 0.0100000000
767 -0.3355236323 0.0100000000
792 -0.3332020293 0.0100000000
824 -0.3306280887 0.0100000000
857 -0.3296777372 0.0100000000
882 -0.3293461632 0.0100000000
883 -0.3287949344 0.0100000000
885 -0.3277569112 0.0100000000
919 -0.3274253372 0.0100000000
947 -0.3251027812 0.0100000000
976 -0.3242941525 0.0100000000
1003 -0.3216400225 0.0100000000
1063 -0.3213084485 0.0100000000
1577 -0.3201160184 0.0100000000
1681 -0.3194994361 0.0100000000
1745 -0.3171916856 0.0100000000
2021 -0.3170652802 0.0100000000
2130 -0.3159613955 0.0100000000
2143 -0.3158349900 0.0100000000
2167 -0.3144019046 0.0100000000
2210 -0.3131716144 0.0100000000
2641 -0.3116976198 0.0100000000
3124 -0.3109566025 0.0100000000
3468 -0.3096958065 0.0100000000
4979 -0.3088939655 0.0100000000
5431 -0.3088369027 0.0100000000
7357 -0.3035172668 0.0100000000
46844 -0.3028883770 0.0100000000
100000 -0.3028883770 0.0100000000
evaluations raw_y evaporation_rate
1 -0.5296482635 0.0100000000
4 -0.4728184739 0.0100000000
15 -0.4720714778 0.0100000000
17 -0.4702121156 0.0100000000
21 -0.4604365901 0.0100000000
45 -0.4442933017 0.0100000000
81 -0.4381629932 0.0100000000
126 -0.4368226301 0.0100000000
154 -0.4225387842 0.0100000000
176 -0.4223109672 0.0100000000
182 -0.4150778180 0.0100000000
214 -0.4085171193 0.0100000000
222 -0.4025256091 0.0100000000
255 -0.4005643390 0.0100000000
264 -0.3860868146 0.0100000000
309 -0.3834011687 0.0100000000
314 -0.3715395750 0.0100000000
365 -0.3690839811 0.0100000000
393 -0.3661467001 0.0100000000
398 -0.3631536824 0.0100000000
416 -0.3587656008 0.0100000000
447 -0.3580393332 0.0100000000
470 -0.3522218872 0.0100000000
494 -0.3513744967 0.0100000000
556 -0.3461240569 0.0100000000
572 -0.3410972828 0.0100000000
637 -0.3406826374 0.0100000000
666 -0.3405589978 0.0100000000
733 -0.3401443525 0.0100000000
786 -0.3394907874 0.0100000000
796 -0.3382866431 0.0100000000
806 -0.3362644977 0.0100000000
826 -0.3326862045 0.0100000000
843 -0.3321479195 0.0100000000
891 -0.3314943544 0.0100000000
1018 -0.3302640642 0.0100000000
1353 -0.3268237751 0.0100000000
1481 -0.3267667122 0.0100000000
1863 -0.3255742821 0.0100000000
1917 -0.3255658970 0.0100000000
1928 -0.3241041971 0.0100000000
1937 -0.3229201521 0.0100000000
2010 -0.3229117670 0.0100000000
2102 -0.3167471052 0.0100000000
2554 -0.3141155749 0.0100000000
2605 -0.3136354549 0.0100000000
3348 -0.3109720793 0.0100000000
3696 -0.3101702383 0.0100000000
5424 -0.3084593428 0.0100000000
6238 -0.3074583024 0.0100000000
100000 -0.3074583024 0.0100000000
evaluations raw_y evaporation_rate
1 -0.4894263915 0.0100000000
3 -0.4758900127 0.0100000000
5 -0.4684378857 0.0100000000
31 -0.4511818358 0.0100000000
60 -0.4511180091 0.0100000000
82 -0.4437924666 0.0100000000
94 -0.4403840702 0.0100000000
96 -0.4254852536 0.0100000000
114 -0.4115045120 0.0100000000
142 -0.4103642099 0.0100000000
157 -0.3898716754 0.0100000000
235 -0.3852898557 0.0100000000
268 -0.3734990272 0.0100000000
289 -0.3728138918 0.0100000000
339 -0.3497765067 0.0100000000
382 -0.3370910016 0.0100000000
445 -0.3358879874 0.0100000000
449 -0.3349772941 0.0100000000
494 -0.3342747384 0.0100000000
526 -0.3302235122 0.0100000000
545 -0.3248164547 0.0100000000
605 -0.3240754373 0.0100000000
613 -0.3187246267 0.0100000000
624 -0.3182048481 0.0100000000
668 -0.3174554456 0.0100000000
825 -0.3136358882 0.0100000000
1004 -0.3131581532 0.0100000000
1009 -0.3093385958 0.0100000000
1244 -0.3081461657 0.0100000000
1726 -0.3073680741 0.0100000000
1897 -0.3065752286 0.0100000000
1933 -0.3050603236 0.0100000000
1964 -0.3042674782 0.0100000000
2187 -0.3037873582 0.0100000000
2414 -0.3027459398 0.0100000000
2436 -0.3022658198 0.0100000000
86354 -0.3004271349 0.0100000000
100000 -0.3004271349 0.0100000000
evaluations raw_y evaporation_rate
1 -0.5121578576 0.0100000000
2 -0.4757021489 0.0100000000
18 -0.4667268336 0.0100000000
26 -0.4471366868 0.0100000000
141 -0.4306459669 0.0100000000
183 -0.4197440491 0.0100000000
236 -0.3986266385 0.0100000000
282 -0.3959659869 0.0100000000
302 -0.3958419770 0.0100000000
321 -0.3887368609 0.0100000000
390 -0.3873570679 0.0100000000
415 -0.3855579020 0.0100000000
449 -0.3851945509 0.0100000000
463 -0.3843562369 0.0100000000
468 -0.3842211040 0.0100000000
475 -0.3776573791 0.0100000000
512 -0.3761358407 0.0100000000
514 -0.3738847634 0.0100000000
528 -0.3735147105 0.0100000000
542 -0.3719192128 0.0100000000
563 -0.3688476118 0.0100000000
575 -0.3657040179 0.0100000000
583 -0.3621987760 0.0100000000
622 -0.3618672020 0.0100000000
701 -0.3612973180 0.0100000000
729 -0.3611508148 0.0100000000
769 -0.3608192407 0.0100000000
779 -0.3549861530 0.0100000000
827 -0.3546545790 0.0100000000
849 -0.3540846950 0.0100000000
991 -0.3422925402 0.0100000000
1083 -0.3414906992 0.0100000000
1106 -0.3404895878 0.0100000000
1148 -0.3396877468 0.0100000000
1351 -0.3374826324 0.0100000000
1451 -0.3362902022 0.0100000000
1805 -0.3325261093 0.0100000000
1917 -0.3276511029 0.0100000000
2233 -0.3257800837 0.0100000000
2700 -0.3169008893 0.0100000000
2989 -0.3168925042 0.0100000000
3009 -0.3164207693 0.0100000000
3027 -0.3164123841 0.0100000000
3414 -0.3097670589 0.0100000000
4364 -0.3087660185 0.0100000000
4634 -0.2992460677 0.0100000000
75459 -0.2962978106 0.0100000000
100000 -0.2962978106 0.0100000000
evaluations raw_y evaporation_rate
1 -0.5262623277 0.0100000000
2 -0.5054392109 0.0100000000
5 -0.4821428943 0.0100000000
9 -0.4800050552 0.0100000000
17 -0.4758339141 0.0100000000
36 -0.4675824725 0.0100000000
46 -0.4418832785 0.0100000000
114 -0.4350877104 0.0100000000
119 -0.4327650756 0.0100000000
132 -0.4287982411 0.0100000000
164 -0.4232844387 0.0100000000
168 -0.4189994005 0.0100000000
203 -0.4073564768 0.0100000000
210 -0.4072967597 0.0100000000
214 -0.4069342825 0.0100000000
254 -0.3942463185 0.0100000000
333 -0.3917806126 0.0100000000
341 -0.3826072851 0.0100000000
355 -0.3809061891 0.0100000000
395 -0.3740962993 0.0100000000
428 -0.3727703174 0.0100000000
448 -0.3689878120 0.0100000000
453 -0.3626722068 0.0100000000
490 -0.3614062516 0.0100000000
511 -0.3594891425 0.0100000000
526 -0.3499740332 0.0100000000
541 -0.3482898591 0.0100000000
613 -0.3455941674 0.0100000000
629 -0.3434533895 0.0100000000
656 -0.3434450044 0.0100000000
691 -0.3370206691 0.0100000000
729 -0.3354485714 0.0100000000
758 -0.3348870726 0.0100000000
775 -0.3348786875 0.0100000000
781 -0.3344450868 0.0100000000
790 -0.3310987075 0.0100000000
858 -0.3309313802 0.0100000000
1171 -0.3267231557 0.0100000000
1241 -0.3244154053 0.0100000000
1372 -0.3227045098 0.0100000000
1706 -0.3213803060 0.0100000000
2065 -0.3209001860 0.0100000000
2252 -0.3185398559 0.0100000000
2308 -0.3170183175 0.0100000000
2467 -0.3118945306 0.0100000000
2494 -0.3103729922 0.0100000000
2928 -0.3085700398 0.0100000000
3313 -0.3075689995 0.0100000000
3424 -0.3042436420 0.0100000000
4707 -0.3036270598 0.0100000000
74047 -0.3028411374 0.0100000000
100000 -0.3028411374 0.0100000000
evaluations raw_y evaporation_rate
1 -0.5124320140 0.0100000000
2 -0.4986665851 0.0100000000
3 -0.4925942322 0.0100000000
4 -0.4643293591 0.0100000000
22 -0.4505636528 0.0100000000
24 -0.4169639134 0.0100000000
164 -0.4070908254 0.0100000000
194 -0.3987678648 0.0100000000
212 -0.3984052559 0.0100000000
218 -0.3919198385 0.0100000000
248 -0.3917169671 0.0100000000
259 -0.3912446761 0.0100000000
274 -0.3880352045 0.0100000000
357 -0.3776476018 0.0100000000
382 -0.3775905389 0.0100000000
395 -0.3749928567 0.0100000000
410 -0.3724959055 0.0100000000
417 -0.3724811731 0.0100000000
419 -0.3589427912 0.0100000000
484 -0.3568487763 0.0100000000
561 -0.3567917135 0.0100000000
573 -0.3551064437 0.0100000000
586 -0.3546096517 0.0100000000
592 -0.3539769122 0.0100000000
604 -0.3527386324 0.0100000000
616 -0.3512170941 0.0100000000
872 -0.3508752650 0.0100000000
1170 -0.3502586827 0.0100000000
1178 -0.3498662531 0.0100000000
1191 -0.3492496708 0.0100000000
1316 -0.3420534352 0.0100000000
1327 -0.3414368530 0.0100000000
1488 -0.3414284678 0.0100000000
1670 -0.3370716672 0.0100000000
1684 -0.3370632821 0.0100000000
1783 -0.3360785651 0.0100000000
1901 -0.3303760810 0.0100000000
2005 -0.3295742399 0.0100000000
2139 -0.3283439498 0.0100000000
2529 -0.3265725708 0.0100000000
2616 -0.3248811911 0.0100000000
2635 -0.3231098121 0.0100000000
2902 -0.3218567085 0.0100000000
3551 -0.3198850574 0.0100000000
3905 -0.3165597000 0.0100000000
4562 -0.3159061349 0.0100000000
5266 -0.3155745609 0.0100000000
5523 -0.3110606733 0.0100000000
100000 -0.3110606733 0.0100000000
evaluations raw_y evaporation_rate
1 -0.5085643270 0.0100000000
2 -0.4905225535 0.0100000000
9 -0.4816936039 0.0100000000
18 -0.4673830654 0.0100000000
33 -0.4548496855 0.0100000000
64 -0.4418430989 0.0100000000
103 -0.4364812669 0.0100000000
187 -0.4360312039 0.0100000000
190 -0.4301729930 0.0100000000
198 -0.4257160295 0.0100000000
203 -0.4194201874 0.0100000000
231 -0.4156705522 0.0100000000
260 -0.4077620797 0.0100000000
275 -0.4009108728 0.0100000000
316 -0.4000378450 0.0100000000
342 -0.3961123844 0.0100000000
386 -0.3887448579 0.0100000000
388 -0.3875791385 0.0100000000
432 -0.3726376159 0.0100000000
522 -0.3717024725 0.0100000000
540 -0.3694032085 0.0100000000
559 -0.3688772919 0.0100000000
579 -0.3650564896 0.0100000000
634 -0.3631199051 0.0100000000
709 -0.3626944638 0.0100000000
738 -0.3609973726 0.0100000000
826 -0.3597442690 0.0100000000
883 -0.3535796073 0.0100000000
939 -0.3506263663 0.0100000000
974 -0.3500693135 0.0100000000
980 -0.3493732627 0.0100000000
1304 -0.3490416887 0.0100000000
1567 -0.3452775957 0.0100000000
1798 -0.3448629503 0.0100000000
1834 -0.3435956894 0.0100000000
1881 -0.3416633224 0.0100000000
1905 -0.3412486770 0.0100000000
1932 -0.3393776577 0.0100000000
2210 -0.3388077738 0.0100000000
2319 -0.3347425089 0.0100000000
2515 -0.3340014915 0.0100000000
2548 -0.3320883789 0.0100000000
2589 -0.3313557466 0.0100000000
2619 -0.3313473615 0.0100000000
2640 -0.3307307792 0.0100000000
3173 -0.3287614380 0.0100000000
3755 -0.3214789556 0.0100000000
6245 -0.3214218928 0.0100000000
7082 -0.3153268455 0.0100000000
7738 -0.3144099096 0.0100000000
8200 -0.3142030001 0.0100000000
8606 -0.3137228801 0.0100000000
8836 -0.3080203959 0.0100000000
100000 -0.3080203959 0.0100000000
evaluations raw_y evaporation_rate
1 -0.5623596320 0.0100000000
2 -0.5028323848 0.0100000000
4 -0.4865499481 0.0100000000
5 -0.4682096795 0.0100000000
12 -0.4603450447 0.0100000000
49 -0.4575572442 0.0100000000
63 -0.4463913390 0.0100000000
119 -0.4432745212 0.0100000000
129 -0.4266026388 0.0100000000
192 -0.4179271412 0.0100000000
206 -0.4063578660 0.0100000000
233 -0.3973673783 0.0100000000
315 -0.3904446502 0.0100000000
328 -0.3879101886 0.0100000000
339 -0.3857425153 0.0100000000
353 -0.3857030270 0.0100000000
358 -0.3845464163 0.0100000000
379 -0.3773675993 0.0100000000
383 -0.3762027421 0.0100000000
400 -0.3693057199 0.0100000000
428 -0.3630596695 0.0100000000
430 -0.3539008610 0.0100000000
455 -0.3491583925 0.0100000000
490 -0.3432860586 0.0100000000
513 -0.3408750361 0.0100000000
524 -0.3406304021 0.0100000000
577 -0.3372108941 0.0100000000
585 -0.3334646532 0.0100000000
620 -0.3318681602 0.0100000000
628 -0.3301400063 0.0100000000
650 -0.3247421270 0.0100000000
753 -0.3224402868 0.0100000000
793 -0.3214392464 0.0100000000
1080 -0.3208226641 0.0100000000
1362 -0.3205565243 0.0100000000
1476 -0.3132740418 0.0100000000
1835 -0.3127041578 0.0100000000
2485 -0.3126957727 0.0100000000
3250 -0.3085222529 0.0100000000
3606 -0.3040083653 0.0100000000
4308 -0.3038014557 0.0100000000
4648 -0.2999167752 0.0100000000
100000 -0.2999167752 0.0100000000
