evaluations raw_y evaporation_rate
1 0.0000000000 1.0000000000
2072 1.0000000000 1.0000000000
2312 2.0000000000 1.0000000000
2745 4.0000000000 1.0000000000
3275 10.0000000000 1.0000000000
6955 11.0000000000 1.0000000000
8999 13.0000000000 1.0000000000
9104 16.0000000000 1.0000000000
11038 18.0000000000 1.0000000000
16196 22.0000000000 1.0000000000
16204 23.0000000000 1.0000000000
16405 25.0000000000 1.0000000000
16587 26.0000000000 1.0000000000
16867 27.0000000000 1.0000000000
20447 29.0000000000 1.0000000000
22139 35.0000000000 1.0000000000
22229 37.0000000000 1.0000000000
22291 40.0000000000 1.0000000000
22788 41.0000000000 1.0000000000
23250 43.0000000000 1.0000000000
25615 45.0000000000 1.0000000000
26103 46.0000000000 1.0000000000
26766 47.0000000000 1.0000000000
27652 48.0000000000 1.0000000000
29063 49.0000000000 1.0000000000
32696 51.0000000000 1.0000000000
34230 52.0000000000 1.0000000000
34384 54.0000000000 1.0000000000
34879 55.0000000000 1.0000000000
35430 57.0000000000 1.0000000000
35805 60.0000000000 1.0000000000
35951 63.0000000000 1.0000000000
37275 64.0000000000 1.0000000000
38280 66.0000000000 1.0000000000
39638 67.0000000000 1.0000000000
40434 69.0000000000 1.0000000000
40618 70.0000000000 1.0000000000
41508 71.0000000000 1.0000000000
41828 73.0000000000 1.0000000000
46442 75.0000000000 1.0000000000
46565 77.0000000000 1.0000000000
47204 79.0000000000 1.0000000000
49214 81.0000000000 1.0000000000
50095 84.0000000000 1.0000000000
50316 85.0000000000 1.0000000000
52270 86.0000000000 1.0000000000
54307 87.0000000000 1.0000000000
54795 89.0000000000 1.0000000000
57492 91.0000000000 1.0000000000
58747 93.0000000000 1.0000000000
59215 94.0000000000 1.0000000000
59369 95.0000000000 1.0000000000
60435 96.0000000000 1.0000000000
60702 97.0000000000 1.0000000000
62111 100.0000000000 1.0000000000
evaluations raw_y evaporation_rate
1 0.0000000000 1.0000000000
197 2.0000000000 1.0000000000
692 3.0000000000 1.0000000000
1257 4.0000000000 1.0000000000
2362 5.0000000000 1.0000000000
3889 7.0000000000 1.0000000000
4253 9.0000000000 1.0000000000
5727 10.0000000000 1.0000000000
5881 11.0000000000 1.0000000000
6359 12.0000000000 1.0000000000
6879 14.0000000000 1.0000000000
7184 15.0000000000 1.0000000000
7635 16.0000000000 1.0000000000
7903 17.0000000000 1.0000000000
10219 18.0000000000 1.0000000000
12633 19.0000000000 1.0000000000
13801 20.0000000000 1.0000000000
14152 25.0000000000 1.0000000000
14371 27.0000000000 1.0000000000
15178 28.0000000000 1.0000000000
18491 34.0000000000 1.0000000000
19857 35.0000000000 1.0000000000
19956 36.0000000000 1.0000000000
20027 39.0000000000 1.0000000000
20682 40.0000000000 1.0000000000
24912 41.0000000000 1.0000000000
25120 47.0000000000 1.0000000000
25839 48.0000000000 1.0000000000
25912 49.0000000000 1.0000000000
26413 53.0000000000 1.0000000000
26883 58.0000000000 1.0000000000
26931 61.0000000000 1.0000000000
27778 62.0000000000 1.0000000000
28043 70.0000000000 1.0000000000
28356 71.0000000000 1.0000000000
28849 74.0000000000 1.0000000000
32152 76.0000000000 1.0000000000
34495 78.0000000000 1.0000000000
35063 80.0000000000 1.0000000000
35669 81.0000000000 1.0000000000
35705 82.0000000000 1.0000000000
36612 83.0000000000 1.0000000000
44286 87.0000000000 1.0000000000
48861 89.0000000000 1.0000000000
49721 91.0000000000 1.0000000000
49752 93.0000000000 1.0000000000
50440 94.0000000000 1.0000000000
50599 99.0000000000 1.0000000000
51980 100.0000000000 1.0000000000
evaluations raw_y evaporation_rate
1 1.0000000000 1.0000000000
299 2.0000000000 1.0000000000
1165 3.0000000000 1.0000000000
5514 4.0000000000 1.0000000000
6024 6.0000000000 1.0000000000
6799 7.0000000000 1.0000000000
8176 11.0000000000 1.0000000000
10664 12.0000000000 1.0000000000
14871 13.0000000000 1.0000000000
14934 16.0000000000 1.0000000000
15657 17.0000000000 1.0000000000
18699 18.0000000000 1.0000000000
18890 21.0000000000 1.0000000000
19411 23.0000000000 1.0000000000
21291 27.0000000000 1.0000000000
23016 28.0000000000 1.0000000000
23291 32.0000000000 1.0000000000
23406 33.0000000000 1.0000000000
23689 34.0000000000 1.0000000000
24193 36.0000000000 1.0000000000
24860 37.0000000000 1.0000000000
24938 39.0000000000 1.0000000000
25315 44.0000000000 1.0000000000
25458 45.0000000000 1.0000000000
26631 46.0000000000 1.0000000000
29367 47.0000000000 1.0000000000
30464 48.0000000000 1.0000000000
30888 50.0000000000 1.0000000000
30914 60.0000000000 1.0000000000
31635 61.0000000000 1.0000000000
34348 64.0000000000 1.0000000000
37085 66.0000000000 1.0000000000
38294 67.0000000000 1.0000000000
39020 69.0000000000 1.0000000000
39897 70.0000000000 1.0000000000
40729 73.0000000000 1.0000000000
41928 74.0000000000 1.0000000000
42886 78.0000000000 1.0000000000
43033 79.0000000000 1.0000000000
43547 86.0000000000 1.0000000000
44160 89.0000000000 1.0000000000
45639 90.0000000000 1.0000000000
48842 91.0000000000 1.0000000000
49837 92.0000000000 1.0000000000
50697 93.0000000000 1.0000000000
52286 94.0000000000 1.0000000000
52416 95.0000000000 1.0000000000
54245 96.0000000000 1.0000000000
55598 98.0000000000 1.0000000000
55729 99.0000000000 1.0000000000
55971 100.0000000000 1.0000000000
evaluations raw_y evaporation_rate
1 0.0000000000 1.0000000000
88 3.0000000000 1.0000000000
679 4.0000000000 1.0000000000
4100 8.0000000000 1.0000000000
6226 9.0000000000 1.0000000000
6959 10.0000000000 1.0000000000
9230 11.0000000000 1.0000000000
11014 12.0000000000 1.0000000000
12491 13.0000000000 1.0000000000
17047 14.0000000000 1.0000000000
18456 15.0000000000 1.0000000000
23388 17.0000000000 1.0000000000
23578 18.0000000000 1.0000000000
23972 19.0000000000 1.0000000000
24463 20.0000000000 1.0000000000
24534 21.0000000000 1.0000000000
26217 22.0000000000 1.0000000000
26996 23.0000000000 1.0000000000
27422 24.0000000000 1.0000000000
27946 26.0000000000 1.0000000000
28401 29.0000000000 1.0000000000
28617 30.0000000000 1.0000000000
30387 32.0000000000 1.0000000000
31544 34.0000000000 1.0000000000
32592 35.0000000000 1.0000000000
32941 38.0000000000 1.0000000000
34007 40.0000000000 1.0000000000
34022 55.0000000000 1.0000000000
35449 56.0000000000 1.0000000000
36875 58.0000000000 1.0000000000
37734 60.0000000000 1.0000000000
39788 61.0000000000 1.0000000000
40302 62.0000000000 1.0000000000
41262 65.0000000000 1.0000000000
41800 66.0000000000 1.0000000000
42158 67.0000000000 1.0000000000
42713 68.0000000000 1.0000000000
43574 69.0000000000 1.0000000000
47427 70.0000000000 1.0000000000
48472 76.0000000000 1.0000000000
49012 78.0000000000 1.0000000000
49369 79.0000000000 1.0000000000
50767 82.0000000000 1.0000000000
52908 84.0000000000 1.0000000000
53477 85.0000000000 1.0000000000
53523 86.0000000000 1.0000000000
54817 87.0000000000 1.0000000000
55064 90.0000000000 1.0000000000
55468 91.0000000000 1.0000000000
55799 92.0000000000 1.0000000000
58017 96.0000000000 1.0000000000
60140 97.0000000000 1.0000000000
60243 98.0000000000 1.0000000000
60701 100.0000000000 1.0000000000
evaluations raw_y evaporation_rate
1 0.0000000000 1.0000000000
85 1.0000000000 1.0000000000
312 2.0000000000 1.0000000000
395 4.0000000000 1.0000000000
479 5.0000000000 1.0000000000
966 7.0000000000 1.0000000000
1363 8.0000000000 1.0000000000
4056 10.0000000000 1.0000000000
4374 13.0000000000 1.0000000000
4916 14.0000000000 1.0000000000
5124 15.0000000000 1.0000000000
5493 17.0000000000 1.0000000000
5688 18.0000000000 1.0000000000
6603 22.0000000000 1.0000000000
6671 26.0000000000 1.0000000000
6839 32.0000000000 1.0000000000
8544 37.0000000000 1.0000000000
9045 40.0000000000 1.0000000000
9318 41.0000000000 1.0000000000
10175 42.0000000000 1.0000000000
10875 43.0000000000 1.0000000000
11851 44.0000000000 1.0000000000
12080 56.0000000000 1.0000000000
13171 57.0000000000 1.0000000000
13375 60.0000000000 1.0000000000
13762 61.0000000000 1.0000000000
14588 62.0000000000 1.0000000000
16514 64.0000000000 1.0000000000
17102 66.0000000000 1.0000000000
17665 68.0000000000 1.0000000000
18134 71.0000000000 1.0000000000
18649 75.0000000000 1.0000000000
19338 77.0000000000 1.0000000000
19732 78.0000000000 1.0000000000
20880 80.0000000000 1.0000000000
21031 85.0000000000 1.0000000000
22240 86.0000000000 1.0000000000
23473 91.0000000000 1.0000000000
27764 93.0000000000 1.0000000000
30585 95.0000000000 1.0000000000
31589 96.0000000000 1.0000000000
31842 98.0000000000 1.0000000000
32403 100.0000000000 1.0000000000
evaluations raw_y evaporation_rate
1 3.0000000000 1.0000000000
551 5.0000000000 1.0000000000
878 9.0000000000 1.0000000000
1107 11.0000000000 1.0000000000
1396 12.0000000000 1.0000000000
3378 13.0000000000 1.0000000000
4389 16.0000000000 1.0000000000
4458 22.0000000000 1.0000000000
5692 23.0000000000 1.0000000000
6754 24.0000000000 1.0000000000
8143 28.0000000000 1.0000000000
9314 30.0000000000 1.0000000000
9547 34.0000000000 1.0000000000
10924 39.0000000000 1.0000000000
12349 41.0000000000 1.0000000000
13342 43.0000000000 1.0000000000
15895 46.0000000000 1.0000000000
15940 48.0000000000 1.0000000000
17318 49.0000000000 1.0000000000
18109 50.0000000000 1.0000000000
19006 51.0000000000 1.0000000000
19183 53.0000000000 1.0000000000
21161 54.0000000000 1.0000000000
21804 55.0000000000 1.0000000000
23694 56.0000000000 1.0000000000
24227 58.0000000000 1.0000000000
24252 59.0000000000 1.0000000000
25231 61.0000000000 1.0000000000
25964 66.0000000000 1.0000000000
26270 67.0000000000 1.0000000000
26762 68.0000000000 1.0000000000
29602 71.0000000000 1.0000000000
31876 74.0000000000 1.0000000000
32388 75.0000000000 1.0000000000
33821 77.0000000000 1.0000000000
34387 81.0000000000 1.0000000000
34539 82.0000000000 1.0000000000
34625 83.0000000000 1.0000000000
34896 85.0000000000 1.0000000000
35495 87.0000000000 1.0000000000
35511 88.0000000000 1.0000000000
36711 89.0000000000 1.0000000000
37026 90.0000000000 1.0000000000
38174 91.0000000000 1.0000000000
38367 93.0000000000 1.0000000000
38869 94.0000000000 1.0000000000
38875 95.0000000000 1.0000000000
41562 96.0000000000 1.0000000000
41681 98.0000000000 1.0000000000
43316 99.0000000000 1.0000000000
44162 100.0000000000 1.0000000000
evaluations raw_y evaporation_rate
1 0.0000000000 1.0000000000
283 1.0000000000 1.0000000000
1572 4.0000000000 1.0000000000
1721 5.0000000000 1.0000000000
2863 6.0000000000 1.0000000000
3058 8.0000000000 1.0000000000
3143 12.0000000000 1.0000000000
3189 17.0000000000 1.0000000000
4239 18.0000000000 1.0000000000
4282 20.0000000000 1.0000000000
4926 21.0000000000 1.0000000000
5001 24.0000000000 1.0000000000
5228 26.0000000000 1.0000000000
5312 27.0000000000 1.0000000000
5445 28.0000000000 1.0000000000
6685 30.0000000000 1.0000000000
9284 31.0000000000 1.0000000000
9988 33.0000000000 1.0000000000
11803 35.0000000000 1.0000000000
13701 36.0000000000 1.0000000000
13810 37.0000000000 1.0000000000
14748 38.0000000000 1.0000000000
15378 39.0000000000 1.0000000000
15461 40.0000000000 1.0000000000
16012 41.0000000000 1.0000000000
18713 42.0000000000 1.0000000000
19386 45.0000000000 1.0000000000
19464 46.0000000000 1.0000000000
19872 47.0000000000 1.0000000000
21347 53.0000000000 1.0000000000
21505 54.0000000000 1.0000000000
24057 56.0000000000 1.0000000000
24707 57.0000000000 1.0000000000
24833 58.0000000000 1.0000000000
26345 60.0000000000 1.0000000000
27083 62.0000000000 1.0000000000
29337 65.0000000000 1.0000000000
30685 66.0000000000 1.0000000000
33269 69.0000000000 1.0000000000
33544 70.0000000000 1.0000000000
36343 71.0000000000 1.0000000000
36358 72.0000000000 1.0000000000
36940 73.0000000000 1.0000000000
36951 75.0000000000 1.0000000000
37250 77.0000000000 1.0000000000
37918 79.0000000000 1.0000000000
38134 80.0000000000 1.0000000000
39573 82.0000000000 1.0000000000
41262 85.0000000000 1.0000000000
42997 89.0000000000 1.0000000000
43013 90.0000000000 1.0000000000
43593 91.0000000000 1.0000000000
43978 93.0000000000 1.0000000000
47401 94.0000000000 1.0000000000
47853 98.0000000000 1.0000000000
48744 99.0000000000 1.0000000000
48764 100.0000000000 1.0000000000
evaluations raw_y evaporation_rate
1 1.0000000000 1.0000000000
105 6.0000000000 1.0000000000
3180 8.0000000000 1.0000000000
5047 11.0000000000 1.0000000000
5168 13.0000000000 1.0000000000
6630 16.0000000000 1.0000000000
7207 18.0000000000 1.0000000000
7690 23.0000000000 1.0000000000
7988 24.0000000000 1.0000000000
8734 26.0000000000 1.0000000000
11131 28.0000000000 1.0000000000
11761 31.0000000000 1.0000000000
12021 33.0000000000 1.0000000000
12308 34.0000000000 1.0000000000
12363 35.0000000000 1.0000000000
12588 36.0000000000 1.0000000000
12895 37.0000000000 1.0000000000
13783 42.0000000000 1.0000000000
14247 44.0000000000 1.0000000000
16662 48.0000000000 1.0000000000
18421 51.0000000000 1.0000000000
20039 52.0000000000 1.0000000000
20112 56.0000000000 1.0000000000
24132 57.0000000000 1.0000000000
25147 62.0000000000 1.0000000000
26212 63.0000000000 1.0000000000
27848 64.0000000000 1.0000000000
28112 71.0000000000 1.0000000000
28242 72.0000000000 1.0000000000
31001 73.0000000000 1.0000000000
33434 76.0000000000 1.0000000000
34422 78.0000000000 1.0000000000
36055 79.0000000000 1.0000000000
38643 80.0000000000 1.0000000000
38840 83.0000000000 1.0000000000
41431 84.0000000000 1.0000000000
43249 85.0000000000 1.0000000000
44171 87.0000000000 1.0000000000
44463 93.0000000000 1.0000000000
45580 94.0000000000 1.0000000000
47529 95.0000000000 1.0000000000
48093 96.0000000000 1.0000000000
48534 97.0000000000 1.0000000000
51192 100.0000000000 1.0000000000
evaluations raw_y evaporation_rate
1 1.0000000000 1.0000000000
1459 3.0000000000 1.0000000000
3517 4.0000000000 1.0000000000
3635 7.0000000000 1.0000000000
4015 10.0000000000 1.0000000000
4415 11.0000000000 1.0000000000
4516 19.0000000000 1.0000000000
4782 27.0000000000 1.0000000000
7032 29.0000000000 1.0000000000
7817 31.0000000000 1.0000000000
9799 32.0000000000 1.0000000000
14066 34.0000000000 1.0000000000
15768 37.0000000000 1.0000000000
19451 39.0000000000 1.0000000000
19968 43.0000000000 1.0000000000
20530 46.0000000000 1.0000000000
20579 48.0000000000 1.0000000000
22426 49.0000000000 1.0000000000
22696 50.0000000000 1.0000000000
25109 52.0000000000 1.0000000000
25518 53.0000000000 1.0000000000
25738 54.0000000000 1.0000000000
26368 59.0000000000 1.0000000000
28393 61.0000000000 1.0000000000
28646 62.0000000000 1.0000000000
32072 64.0000000000 1.0000000000
32082 65.0000000000 1.0000000000
33585 66.0000000000 1.0000000000
34029 68.0000000000 1.0000000000
35244 71.0000000000 1.0000000000
36096 74.0000000000 1.0000000000
36491 78.0000000000 1.0000000000
36673 79.0000000000 1.0000000000
36992 82.0000000000 1.0000000000
37636 84.0000000000 1.0000000000
39663 85.0000000000 1.0000000000
40088 86.0000000000 1.0000000000
40265 88.0000000000 1.0000000000
42415 89.0000000000 1.0000000000
43203 90.0000000000 1.0000000000
44727 93.0000000000 1.0000000000
50583 94.0000000000 1.0000000000
51129 97.0000000000 1.0000000000
52175 100.0000000000 1.0000000000
evaluations raw_y evaporation_rate
1 0.0000000000 1.0000000000
232 1.0000000000 1.0000000000
968 2.0000000000 1.0000000000
1368 3.0000000000 1.0000000000
1658 4.0000000000 1.0000000000
1829 8.0000000000 1.0000000000
2858 10.0000000000 1.0000000000
4059 11.0000000000 1.0000000000
7814 13.0000000000 1.0000000000
8181 14.0000000000 1.0000000000
10238 16.0000000000 1.0000000000
11519 17.0000000000 1.0000000000
12100 18.0000000000 1.0000000000
13412 19.0000000000 1.0000000000
13983 20.0000000000 1.0000000000
14285 22.0000000000 1.0000000000
14575 23.0000000000 1.0000000000
14669 25.0000000000 1.0000000000
15139 28.0000000000 1.0000000000
15730 33.0000000000 1.0000000000
15810 34.0000000000 1.0000000000
16323 35.0000000000 1.0000000000
20407 41.0000000000 1.0000000000
20471 42.0000000000 1.0000000000
20737 44.0000000000 1.0000000000
20999 45.0000000000 1.0000000000
21178 46.0000000000 1.0000000000
21463 48.0000000000 1.0000000000
21593 49.0000000000 1.0000000000
22374 52.0000000000 1.0000000000
24665 54.0000000000 1.0000000000
24852 55.0000000000 1.0000000000
25489 56.0000000000 1.0000000000
25751 57.0000000000 1.0000000000
26333 62.0000000000 1.0000000000
26361 64.0000000000 1.0000000000
26851 66.0000000000 1.0000000000
29887 68.0000000000 1.0000000000
34732 72.0000000000 1.0000000000
35461 73.0000000000 1.0000000000
36770 74.0000000000 1.0000000000
38027 75.0000000000 1.0000000000
38037 76.0000000000 1.0000000000
40994 77.0000000000 1.0000000000
41546 81.0000000000 1.0000000000
41709 82.0000000000 1.0000000000
41741 83.0000000000 1.0000000000
43218 84.0000000000 1.0000000000
43375 85.0000000000 1.0000000000
48166 86.0000000000 1.0000000000
49510 87.0000000000 1.0000000000
53203 88.0000000000 1.0000000000
54084 90.0000000000 1.0000000000
55984 93.0000000000 1.0000000000
56295 94.0000000000 1.0000000000
57031 95.0000000000 1.0000000000
57421 97.0000000000 1.0000000000
61632 99.0000000000 1.0000000000
62939 100.0000000000 1.0000000000
evaluations raw_y evaporation_rate
1 0.0000000000 0.1000000000
2 1.0000000000 0.1000000000
6 5.0000000000 0.1000000000
1747 6.0000000000 0.1000000000
2261 7.0000000000 0.1000000000
3158 8.0000000000 0.1000000000
4200 10.0000000000 0.1000000000
6955 13.0000000000 0.1000000000
7506 14.0000000000 0.1000000000
9015 19.0000000000 0.1000000000
9563 21.0000000000 0.1000000000
9857 23.0000000000 0.1000000000
9905 25.0000000000 0.1000000000
10339 27.0000000000 0.1000000000
11301 28.0000000000 0.1000000000
11339 30.0000000000 0.1000000000
11349 33.0000000000 0.1000000000
12480 35.0000000000 0.1000000000
14648 37.0000000000 0.1000000000
16354 39.0000000000 0.1000000000
16529 40.0000000000 0.1000000000
16608 44.0000000000 0.1000000000
17350 48.0000000000 0.1000000000
21694 49.0000000000 0.1000000000
22287 51.0000000000 0.1000000000
23557 52.0000000000 0.1000000000
25220 59.0000000000 0.1000000000
25473 60.0000000000 0.1000000000
26234 62.0000000000 0.1000000000
27020 65.0000000000 0.1000000000
27594 66.0000000000 0.1000000000
28072 72.0000000000 0.1000000000
29675 76.0000000000 0.1000000000
30771 78.0000000000 0.1000000000
31375 79.0000000000 0.1000000000
32928 81.0000000000 0.1000000000
33799 82.0000000000 0.1000000000
33860 83.0000000000 0.1000000000
39757 90.0000000000 0.1000000000
40890 91.0000000000 0.1000000000
41262 92.0000000000 0.1000000000
42800 94.0000000000 0.1000000000
44085 96.0000000000 0.1000000000
44385 98.0000000000 0.1000000000
45233 100.0000000000 0.1000000000
evaluations raw_y evaporation_rate
1 0.0000000000 0.1000000000
5 4.0000000000 0.1000000000
19 6.0000000000 0.1000000000
165 7.0000000000 0.1000000000
249 9.0000000000 0.1000000000
250 11.0000000000 0.1000000000
593 15.0000000000 0.1000000000
2946 16.0000000000 0.1000000000
3035 17.0000000000 0.1000000000
3266 21.0000000000 0.1000000000
3394 22.0000000000 0.1000000000
4394 23.0000000000 0.1000000000
5940 25.0000000000 0.1000000000
7082 28.0000000000 0.1000000000
7393 29.0000000000 0.1000000000
9226 30.0000000000 0.1000000000
10795 33.0000000000 0.1000000000
11096 34.0000000000 0.1000000000
11732 40.0000000000 0.1000000000
13122 42.0000000000 0.1000000000
13844 44.0000000000 0.1000000000
15235 45.0000000000 0.1000000000
16019 46.0000000000 0.1000000000
16620 51.0000000000 0.1000000000
17551 53.0000000000 0.1000000000
19537 55.0000000000 0.1000000000
19716 56.0000000000 0.1000000000
19729 58.0000000000 0.1000000000
20543 59.0000000000 0.1000000000
21393 60.0000000000 0.1000000000
21872 66.0000000000 0.1000000000
23528 68.0000000000 0.1000000000
25342 70.0000000000 0.1000000000
25598 71.0000000000 0.1000000000
27914 72.0000000000 0.1000000000
30033 79.0000000000 0.1000000000
30293 83.0000000000 0.1000000000
30546 84.0000000000 0.1000000000
30572 85.0000000000 0.1000000000
31877 87.0000000000 0.1000000000
34188 88.0000000000 0.1000000000
34690 89.0000000000 0.1000000000
34748 91.0000000000 0.1000000000
37548 92.0000000000 0.1000000000
39027 95.0000000000 0.1000000000
39395 96.0000000000 0.1000000000
41206 98.0000000000 0.1000000000
41592 100.0000000000 0.1000000000
evaluations raw_y evaporation_rate
1 3.0000000000 0.1000000000
4 6.0000000000 0.1000000000
725 7.0000000000 0.1000000000
946 10.0000000000 0.1000000000
1984 14.0000000000 0.1000000000
5197 15.0000000000 0.1000000000
8490 22.0000000000 0.1000000000
9821 23.0000000000 0.1000000000
9971 26.0000000000 0.1000000000
15021 27.0000000000 0.1000000000
15875 29.0000000000 0.1000000000
17914 37.0000000000 0.1000000000
18527 39.0000000000 0.1000000000
19424 40.0000000000 0.1000000000
19725 41.0000000000 0.1000000000
19896 42.0000000000 0.1000000000
19961 44.0000000000 0.1000000000
21947 45.0000000000 0.1000000000
22787 47.0000000000 0.1000000000
23385 49.0000000000 0.1000000000
25996 50.0000000000 0.1000000000
26033 52.0000000000 0.1000000000
26121 53.0000000000 0.1000000000
27471 57.0000000000 0.1000000000
28833 60.0000000000 0.1000000000
32497 61.0000000000 0.1000000000
33383 62.0000000000 0.1000000000
34080 63.0000000000 0.1000000000
34902 64.0000000000 0.1000000000
36158 67.0000000000 0.1000000000
42182 68.0000000000 0.1000000000
42759 69.0000000000 0.1000000000
43760 75.0000000000 0.1000000000
45112 77.0000000000 0.1000000000
47205 78.0000000000 0.1000000000
49101 80.0000000000 0.1000000000
49706 81.0000000000 0.1000000000
51958 82.0000000000 0.1000000000
53163 86.0000000000 0.1000000000
54497 87.0000000000 0.1000000000
55931 88.0000000000 0.1000000000
56411 90.0000000000 0.1000000000
61957 91.0000000000 0.1000000000
62086 96.0000000000 0.1000000000
62091 99.0000000000 0.1000000000
62632 100.0000000000 0.1000000000
evaluations raw_y evaporation_rate
1 0.0000000000 0.1000000000
3 1.0000000000 0.1000000000
5 3.0000000000 0.1000000000
15 5.0000000000 0.1000000000
22 6.0000000000 0.1000000000
27 8.0000000000 0.1000000000
1531 9.0000000000 0.1000000000
1540 10.0000000000 0.1000000000
2475 12.0000000000 0.1000000000
3964 16.0000000000 0.1000000000
4746 18.0000000000 0.1000000000
6104 20.0000000000 0.1000000000
7121 21.0000000000 0.1000000000
12150 22.0000000000 0.1000000000
12539 23.0000000000 0.1000000000
13689 24.0000000000 0.1000000000
14130 25.0000000000 0.1000000000
17468 27.0000000000 0.1000000000
18720 29.0000000000 0.1000000000
19253 31.0000000000 0.1000000000
19997 32.0000000000 0.1000000000
20604 34.0000000000 0.1000000000
20993 35.0000000000 0.1000000000
22207 36.0000000000 0.1000000000
22633 37.0000000000 0.1000000000
22764 38.0000000000 0.1000000000
22983 39.0000000000 0.1000000000
23894 40.0000000000 0.1000000000
25328 42.0000000000 0.1000000000
25375 43.0000000000 0.1000000000
27649 45.0000000000 0.1000000000
27830 46.0000000000 0.1000000000
29230 47.0000000000 0.1000000000
29237 48.0000000000 0.1000000000
30593 51.0000000000 0.1000000000
31340 52.0000000000 0.1000000000
31886 56.0000000000 0.1000000000
32504 58.0000000000 0.1000000000
32627 59.0000000000 0.1000000000
32938 61.0000000000 0.1000000000
32942 62.0000000000 0.1000000000
33530 64.0000000000 0.1000000000
34384 66.0000000000 0.1000000000
35815 67.0000000000 0.1000000000
38162 68.0000000000 0.1000000000
38575 71.0000000000 0.1000000000
40852 72.0000000000 0.1000000000
41609 74.0000000000 0.1000000000
42259 75.0000000000 0.1000000000
43546 76.0000000000 0.1000000000
46782 77.0000000000 0.1000000000
48563 80.0000000000 0.1000000000
48650 83.0000000000 0.1000000000
49051 84.0000000000 0.1000000000
51979 89.0000000000 0.1000000000
52264 90.0000000000 0.1000000000
54607 91.0000000000 0.1000000000
55598 92.0000000000 0.1000000000
55752 93.0000000000 0.1000000000
55802 97.0000000000 0.1000000000
59591 98.0000000000 0.1000000000
59716 99.0000000000 0.1000000000
63350 100.0000000000 0.1000000000
evaluations raw_y evaporation_rate
1 0.0000000000 0.1000000000
8 4.0000000000 0.1000000000
12 5.0000000000 0.1000000000
264 7.0000000000 0.1000000000
1982 8.0000000000 0.1000000000
3991 9.0000000000 0.1000000000
5267 10.0000000000 0.1000000000
5985 12.0000000000 0.1000000000
6710 13.0000000000 0.1000000000
6892 16.0000000000 0.1000000000
7285 20.0000000000 0.1000000000
7622 21.0000000000 0.1000000000
8245 22.0000000000 0.1000000000
8655 23.0000000000 0.1000000000
8738 26.0000000000 0.1000000000
9950 28.0000000000 0.1000000000
10095 29.0000000000 0.1000000000
10126 30.0000000000 0.1000000000
11916 31.0000000000 0.1000000000
12581 32.0000000000 0.1000000000
14383 35.0000000000 0.1000000000
15639 36.0000000000 0.1000000000
18910 37.0000000000 0.1000000000
19662 38.0000000000 0.1000000000
20442 45.0000000000 0.1000000000
22978 46.0000000000 0.1000000000
24785 50.0000000000 0.1000000000
25475 51.0000000000 0.1000000000
26110 52.0000000000 0.1000000000
26274 53.0000000000 0.1000000000
26639 54.0000000000 0.1000000000
27400 59.0000000000 0.1000000000
28943 61.0000000000 0.1000000000
32544 62.0000000000 0.1000000000
34470 64.0000000000 0.1000000000
35058 67.0000000000 0.1000000000
35816 71.0000000000 0.1000000000
36605 72.0000000000 0.1000000000
37336 73.0000000000 0.1000000000
39142 74.0000000000 0.1000000000
39462 75.0000000000 0.1000000000
39876 76.0000000000 0.1000000000
40279 77.0000000000 0.1000000000
40336 81.0000000000 0.1000000000
42525 82.0000000000 0.1000000000
43240 83.0000000000 0.1000000000
44073 87.0000000000 0.1000000000
45606 91.0000000000 0.1000000000
45720 92.0000000000 0.1000000000
48618 95.0000000000 0.1000000000
49545 98.0000000000 0.1000000000
50359 100.0000000000 0.1000000000
evaluations raw_y evaporation_rate
1 3.0000000000 0.1000000000
551 5.0000000000 0.1000000000
878 6.0000000000 0.1000000000
1247 7.0000000000 0.1000000000
4837 9.0000000000 0.1000000000
6253 12.0000000000 0.1000000000
6603 13.0000000000 0.1000000000
7436 15.0000000000 0.1000000000
7817 18.0000000000 0.1000000000
7953 19.0000000000 0.1000000000
8032 24.0000000000 0.1000000000
8143 25.0000000000 0.1000000000
9344 27.0000000000 0.1000000000
10391 28.0000000000 0.1000000000
10602 31.0000000000 0.1000000000
11197 32.0000000000 0.1000000000
13384 33.0000000000 0.1000000000
15336 35.0000000000 0.1000000000
15550 36.0000000000 0.1000000000
16098 39.0000000000 0.1000000000
16722 41.0000000000 0.1000000000
17655 42.0000000000 0.1000000000
19241 50.0000000000 0.1000000000
19974 51.0000000000 0.1000000000
22385 53.0000000000 0.1000000000
23194 55.0000000000 0.1000000000
23694 60.0000000000 0.1000000000
24916 65.0000000000 0.1000000000
25781 68.0000000000 0.1000000000
29602 69.0000000000 0.1000000000
31173 71.0000000000 0.1000000000
31876 73.0000000000 0.1000000000
33816 74.0000000000 0.1000000000
34304 75.0000000000 0.1000000000
35104 76.0000000000 0.1000000000
35132 77.0000000000 0.1000000000
35323 78.0000000000 0.1000000000
35361 79.0000000000 0.1000000000
35996 80.0000000000 0.1000000000
38308 81.0000000000 0.1000000000
38594 82.0000000000 0.1000000000
39636 84.0000000000 0.1000000000
40416 87.0000000000 0.1000000000
42078 88.0000000000 0.1000000000
43143 91.0000000000 0.1000000000
43145 92.0000000000 0.1000000000
43459 93.0000000000 0.1000000000
43466 95.0000000000 0.1000000000
44041 96.0000000000 0.1000000000
44962 100.0000000000 0.1000000000
evaluations raw_y evaporation_rate
1 2.0000000000 0.1000000000
8 4.0000000000 0.1000000000
35 6.0000000000 0.1000000000
498 10.0000000000 0.1000000000
1012 11.0000000000 0.1000000000
1567 12.0000000000 0.1000000000
2389 16.0000000000 0.1000000000
3019 17.0000000000 0.1000000000
3439 18.0000000000 0.1000000000
3482 19.0000000000 0.1000000000
6404 21.0000000000 0.1000000000
7108 23.0000000000 0.1000000000
7848 25.0000000000 0.1000000000
8594 27.0000000000 0.1000000000
9356 29.0000000000 0.1000000000
10122 30.0000000000 0.1000000000
10252 33.0000000000 0.1000000000
11003 36.0000000000 0.1000000000
11391 37.0000000000 0.1000000000
12640 38.0000000000 0.1000000000
14578 40.0000000000 0.1000000000
15212 41.0000000000 0.1000000000
17913 43.0000000000 0.1000000000
19436 46.0000000000 0.1000000000
19452 47.0000000000 0.1000000000
20547 48.0000000000 0.1000000000
22109 50.0000000000 0.1000000000
22960 52.0000000000 0.1000000000
22969 53.0000000000 0.1000000000
25489 54.0000000000 0.1000000000
25526 55.0000000000 0.1000000000
25678 56.0000000000 0.1000000000
26008 57.0000000000 0.1000000000
26600 63.0000000000 0.1000000000
27214 65.0000000000 0.1000000000
27459 69.0000000000 0.1000000000
27733 70.0000000000 0.1000000000
27918 75.0000000000 0.1000000000
28025 76.0000000000 0.1000000000
28316 78.0000000000 0.1000000000
29770 83.0000000000 0.1000000000
30052 87.0000000000 0.1000000000
30898 90.0000000000 0.1000000000
31122 92.0000000000 0.1000000000
31823 96.0000000000 0.1000000000
32140 97.0000000000 0.1000000000
33405 98.0000000000 0.1000000000
34678 100.0000000000 0.1000000000
evaluations raw_y evaporation_rate
1 1.0000000000 0.1000000000
4 4.0000000000 0.1000000000
10 7.0000000000 0.1000000000
835 8.0000000000 0.1000000000
2507 9.0000000000 0.1000000000
7258 10.0000000000 0.1000000000
7413 13.0000000000 0.1000000000
7945 17.0000000000 0.1000000000
12184 18.0000000000 0.1000000000
12477 19.0000000000 0.1000000000
13345 20.0000000000 0.1000000000
13602 23.0000000000 0.1000000000
16710 24.0000000000 0.1000000000
16991 25.0000000000 0.1000000000
18498 29.0000000000 0.1000000000
19714 30.0000000000 0.1000000000
21208 31.0000000000 0.1000000000
21569 33.0000000000 0.1000000000
21588 34.0000000000 0.1000000000
22957 36.0000000000 0.1000000000
23814 38.0000000000 0.1000000000
24556 39.0000000000 0.1000000000
25537 41.0000000000 0.1000000000
26355 42.0000000000 0.1000000000
27533 45.0000000000 0.1000000000
29415 46.0000000000 0.1000000000
29837 47.0000000000 0.1000000000
29965 48.0000000000 0.1000000000
31707 49.0000000000 0.1000000000
34336 55.0000000000 0.1000000000
34504 56.0000000000 0.1000000000
37418 57.0000000000 0.1000000000
38433 59.0000000000 0.1000000000
38611 60.0000000000 0.1000000000
40030 61.0000000000 0.1000000000
41160 63.0000000000 0.1000000000
42050 64.0000000000 0.1000000000
42470 65.0000000000 0.1000000000
44244 67.0000000000 0.1000000000
44306 68.0000000000 0.1000000000
47188 69.0000000000 0.1000000000
49309 70.0000000000 0.1000000000
50209 71.0000000000 0.1000000000
50582 72.0000000000 0.1000000000
51354 76.0000000000 0.1000000000
51464 79.0000000000 0.1000000000
51929 80.0000000000 0.1000000000
52126 82.0000000000 0.1000000000
53079 89.0000000000 0.1000000000
53106 90.0000000000 0.1000000000
53212 91.0000000000 0.1000000000
55831 92.0000000000 0.1000000000
56156 97.0000000000 0.1000000000
59226 99.0000000000 0.1000000000
60277 100.0000000000 0.1000000000
evaluations raw_y evaporation_rate
1 1.0000000000 0.1000000000
16 2.0000000000 0.1000000000
30 3.0000000000 0.1000000000
34 4.0000000000 0.1000000000
776 5.0000000000 0.1000000000
1240 6.0000000000 0.1000000000
1393 8.0000000000 0.1000000000
1485 9.0000000000 0.1000000000
3609 10.0000000000 0.1000000000
5355 12.0000000000 0.1000000000
5549 13.0000000000 0.1000000000
5837 15.0000000000 0.1000000000
6007 18.0000000000 0.1000000000
6714 19.0000000000 0.1000000000
6799 26.0000000000 0.1000000000
7527 27.0000000000 0.1000000000
7533 29.0000000000 0.1000000000
9595 30.0000000000 0.1000000000
11467 39.0000000000 0.1000000000
13377 41.0000000000 0.1000000000
14780 42.0000000000 0.1000000000
18050 44.0000000000 0.1000000000
18785 45.0000000000 0.1000000000
19804 47.0000000000 0.1000000000
19868 50.0000000000 0.1000000000
23798 51.0000000000 0.1000000000
25126 55.0000000000 0.1000000000
25318 58.0000000000 0.1000000000
25970 61.0000000000 0.1000000000
25974 62.0000000000 0.1000000000
27043 64.0000000000 0.1000000000
27318 66.0000000000 0.1000000000
27393 68.0000000000 0.1000000000
27765 73.0000000000 0.1000000000
27772 75.0000000000 0.1000000000
29335 78.0000000000 0.1000000000
30237 79.0000000000 0.1000000000
30709 85.0000000000 0.1000000000
30929 88.0000000000 0.1000000000
31103 90.0000000000 0.1000000000
32772 91.0000000000 0.1000000000
34230 92.0000000000 0.1000000000
34490 93.0000000000 0.1000000000
35584 94.0000000000 0.1000000000
37308 95.0000000000 0.1000000000
37683 96.0000000000 0.1000000000
38125 98.0000000000 0.1000000000
39325 99.0000000000 0.1000000000
41234 100.0000000000 0.1000000000
evaluations raw_y evaporation_rate
1 2.0000000000 0.1000000000
33 3.0000000000 0.1000000000
229 5.0000000000 0.1000000000
815 6.0000000000 0.1000000000
878 7.0000000000 0.1000000000
2020 8.0000000000 0.1000000000
3080 9.0000000000 0.1000000000
3155 10.0000000000 0.1000000000
5409 11.0000000000 0.1000000000
5535 12.0000000000 0.1000000000
5868 14.0000000000 0.1000000000
7013 15.0000000000 0.1000000000
7726 16.0000000000 0.1000000000
9116 17.0000000000 0.1000000000
10034 20.0000000000 0.1000000000
10296 24.0000000000 0.1000000000
14950 26.0000000000 0.1000000000
18703 27.0000000000 0.1000000000
20103 30.0000000000 0.1000000000
20109 31.0000000000 0.1000000000
21211 32.0000000000 0.1000000000
21682 33.0000000000 0.1000000000
23034 37.0000000000 0.1000000000
24826 38.0000000000 0.1000000000
25571 41.0000000000 0.1000000000
26692 43.0000000000 0.1000000000
27311 45.0000000000 0.1000000000
29071 47.0000000000 0.1000000000
30032 49.0000000000 0.1000000000
30416 50.0000000000 0.1000000000
30615 51.0000000000 0.1000000000
30735 59.0000000000 0.1000000000
32851 64.0000000000 0.1000000000
33030 65.0000000000 0.1000000000
33531 66.0000000000 0.1000000000
35267 68.0000000000 0.1000000000
35444 69.0000000000 0.1000000000
37365 71.0000000000 0.1000000000
37838 72.0000000000 0.1000000000
40333 76.0000000000 0.1000000000
41264 77.0000000000 0.1000000000
41392 78.0000000000 0.1000000000
41455 79.0000000000 0.1000000000
42226 80.0000000000 0.1000000000
43337 81.0000000000 0.1000000000
44236 82.0000000000 0.1000000000
47066 85.0000000000 0.1000000000
47095 86.0000000000 0.1000000000
48461 87.0000000000 0.1000000000
53592 89.0000000000 0.1000000000
54328 90.0000000000 0.1000000000
55571 91.0000000000 0.1000000000
56737 93.0000000000 0.1000000000
59081 97.0000000000 0.1000000000
59444 98.0000000000 0.1000000000
61472 100.0000000000 0.1000000000
evaluations raw_y evaporation_rate
1 0.0000000000 0.0100000000
2 1.0000000000 0.0100000000
8 3.0000000000 0.0100000000
21 5.0000000000 0.0100000000
50 8.0000000000 0.0100000000
148 9.0000000000 0.0100000000
185 10.0000000000 0.0100000000
230 11.0000000000 0.0100000000
232 14.0000000000 0.0100000000
284 17.0000000000 0.0100000000
316 18.0000000000 0.0100000000
319 21.0000000000 0.0100000000
391 22.0000000000 0.0100000000
542 24.0000000000 0.0100000000
645 26.0000000000 0.0100000000
2004 30.0000000000 0.0100000000
3866 31.0000000000 0.0100000000
5301 34.0000000000 0.0100000000
5302 35.0000000000 0.0100000000
5895 36.0000000000 0.0100000000
6358 37.0000000000 0.0100000000
6996 38.0000000000 0.0100000000
7098 40.0000000000 0.0100000000
7138 43.0000000000 0.0100000000
7928 46.0000000000 0.0100000000
8517 47.0000000000 0.0100000000
8518 49.0000000000 0.0100000000
9295 50.0000000000 0.0100000000
10349 52.0000000000 0.0100000000
10410 53.0000000000 0.0100000000
10835 55.0000000000 0.0100000000
10867 58.0000000000 0.0100000000
11644 63.0000000000 0.0100000000
12235 65.0000000000 0.0100000000
12914 66.0000000000 0.0100000000
13489 70.0000000000 0.0100000000
14845 71.0000000000 0.0100000000
16803 72.0000000000 0.0100000000
17019 73.0000000000 0.0100000000
17952 76.0000000000 0.0100000000
17959 78.0000000000 0.0100000000
18083 80.0000000000 0.0100000000
18990 81.0000000000 0.0100000000
21092 83.0000000000 0.0100000000
21154 85.0000000000 0.0100000000
22018 86.0000000000 0.0100000000
22186 91.0000000000 0.0100000000
25643 96.0000000000 0.0100000000
25769 97.0000000000 0.0100000000
25869 99.0000000000 0.0100000000
25944 100.0000000000 0.0100000000
evaluations raw_y evaporation_rate
1 0.0000000000 0.0100000000
2 4.0000000000 0.0100000000
22 5.0000000000 0.0100000000
64 9.0000000000 0.0100000000
166 13.0000000000 0.0100000000
238 14.0000000000 0.0100000000
305 16.0000000000 0.0100000000
520 17.0000000000 0.0100000000
536 19.0000000000 0.0100000000
1520 23.0000000000 0.0100000000
1565 24.0000000000 0.0100000000
1598 25.0000000000 0.0100000000
2847 26.0000000000 0.0100000000
2867 28.0000000000 0.0100000000
3437 29.0000000000 0.0100000000
3498 33.0000000000 0.0100000000
3510 35.0000000000 0.0100000000
3515 37.0000000000 0.0100000000
5995 39.0000000000 0.0100000000
6981 44.0000000000 0.0100000000
7020 45.0000000000 0.0100000000
7939 46.0000000000 0.0100000000
7988 47.0000000000 0.0100000000
8079 48.0000000000 0.0100000000
8155 49.0000000000 0.0100000000
11070 50.0000000000 0.0100000000
11351 53.0000000000 0.0100000000
12941 54.0000000000 0.0100000000
13083 55.0000000000 0.0100000000
13095 57.0000000000 0.0100000000
13219 58.0000000000 0.0100000000
13762 60.0000000000 0.0100000000
14042 61.0000000000 0.0100000000
14994 62.0000000000 0.0100000000
15013 63.0000000000 0.0100000000
15797 64.0000000000 0.0100000000
16666 65.0000000000 0.0100000000
17864 69.0000000000 0.0100000000
17928 70.0000000000 0.0100000000
17956 73.0000000000 0.0100000000
20498 74.0000000000 0.0100000000
20608 75.0000000000 0.0100000000
25772 80.0000000000 0.0100000000
26260 86.0000000000 0.0100000000
26269 87.0000000000 0.0100000000
27746 88.0000000000 0.0100000000
27925 89.0000000000 0.0100000000
27963 92.0000000000 0.0100000000
30191 93.0000000000 0.0100000000
33271 95.0000000000 0.0100000000
34491 99.0000000000 0.0100000000
35619 100.0000000000 0.0100000000
evaluations raw_y evaporation_rate
1 3.0000000000 0.0100000000
18 4.0000000000 0.0100000000
58 6.0000000000 0.0100000000
84 7.0000000000 0.0100000000
117 8.0000000000 0.0100000000
126 9.0000000000 0.0100000000
175 12.0000000000 0.0100000000
224 14.0000000000 0.0100000000
432 15.0000000000 0.0100000000
452 18.0000000000 0.0100000000
493 23.0000000000 0.0100000000
1053 25.0000000000 0.0100000000
1245 27.0000000000 0.0100000000
5039 32.0000000000 0.0100000000
5116 36.0000000000 0.0100000000
5140 38.0000000000 0.0100000000
6803 39.0000000000 0.0100000000
6964 40.0000000000 0.0100000000
9263 42.0000000000 0.0100000000
9362 43.0000000000 0.0100000000
9442 52.0000000000 0.0100000000
12861 54.0000000000 0.0100000000
13658 58.0000000000 0.0100000000
14157 59.0000000000 0.0100000000
14167 62.0000000000 0.0100000000
14846 63.0000000000 0.0100000000
15690 64.0000000000 0.0100000000
16049 65.0000000000 0.0100000000
16119 68.0000000000 0.0100000000
17926 70.0000000000 0.0100000000
17986 71.0000000000 0.0100000000
18070 72.0000000000 0.0100000000
18215 74.0000000000 0.0100000000
18253 77.0000000000 0.0100000000
18293 81.0000000000 0.0100000000
18890 82.0000000000 0.0100000000
19525 83.0000000000 0.0100000000
20240 92.0000000000 0.0100000000
20435 95.0000000000 0.0100000000
20452 98.0000000000 0.0100000000
21023 99.0000000000 0.0100000000
24752 100.0000000000 0.0100000000
evaluations raw_y evaporation_rate
1 1.0000000000 0.0100000000
9 5.0000000000 0.0100000000
65 7.0000000000 0.0100000000
93 9.0000000000 0.0100000000
135 11.0000000000 0.0100000000
154 12.0000000000 0.0100000000
215 13.0000000000 0.0100000000
219 14.0000000000 0.0100000000
224 17.0000000000 0.0100000000
303 18.0000000000 0.0100000000
391 19.0000000000 0.0100000000
463 20.0000000000 0.0100000000
1476 21.0000000000 0.0100000000
1687 23.0000000000 0.0100000000
1702 24.0000000000 0.0100000000
1756 29.0000000000 0.0100000000
1854 30.0000000000 0.0100000000
2002 34.0000000000 0.0100000000
3135 35.0000000000 0.0100000000
3278 36.0000000000 0.0100000000
3291 40.0000000000 0.0100000000
4448 41.0000000000 0.0100000000
4687 43.0000000000 0.0100000000
4699 45.0000000000 0.0100000000
4850 47.0000000000 0.0100000000
6715 49.0000000000 0.0100000000
8602 50.0000000000 0.0100000000
9063 51.0000000000 0.0100000000
10801 52.0000000000 0.0100000000
12896 54.0000000000 0.0100000000
13229 55.0000000000 0.0100000000
13666 57.0000000000 0.0100000000
13850 58.0000000000 0.0100000000
17778 60.0000000000 0.0100000000
18983 67.0000000000 0.0100000000
22113 71.0000000000 0.0100000000
23429 81.0000000000 0.0100000000
23706 84.0000000000 0.0100000000
24355 89.0000000000 0.0100000000
25517 90.0000000000 0.0100000000
26168 91.0000000000 0.0100000000
26175 94.0000000000 0.0100000000
26395 95.0000000000 0.0100000000
26530 96.0000000000 0.0100000000
28433 100.0000000000 0.0100000000
evaluations raw_y evaporation_rate
1 0.0000000000 0.0100000000
6 5.0000000000 0.0100000000
57 6.0000000000 0.0100000000
60 7.0000000000 0.0100000000
153 8.0000000000 0.0100000000
168 10.0000000000 0.0100000000
290 12.0000000000 0.0100000000
364 14.0000000000 0.0100000000
368 15.0000000000 0.0100000000
381 16.0000000000 0.0100000000
394 17.0000000000 0.0100000000
559 18.0000000000 0.0100000000
687 20.0000000000 0.0100000000
706 22.0000000000 0.0100000000
762 24.0000000000 0.0100000000
809 25.0000000000 0.0100000000
3081 27.0000000000 0.0100000000
3512 28.0000000000 0.0100000000
3645 30.0000000000 0.0100000000
4717 31.0000000000 0.0100000000
6316 32.0000000000 0.0100000000
6347 35.0000000000 0.0100000000
6862 37.0000000000 0.0100000000
6877 39.0000000000 0.0100000000
7198 40.0000000000 0.0100000000
7708 42.0000000000 0.0100000000
7824 47.0000000000 0.0100000000
7877 51.0000000000 0.0100000000
8395 52.0000000000 0.0100000000
8532 53.0000000000 0.0100000000
9025 54.0000000000 0.0100000000
10649 55.0000000000 0.0100000000
10713 57.0000000000 0.0100000000
14628 59.0000000000 0.0100000000
14654 61.0000000000 0.0100000000
15816 64.0000000000 0.0100000000
17421 66.0000000000 0.0100000000
18270 67.0000000000 0.0100000000
19673 68.0000000000 0.0100000000
21603 69.0000000000 0.0100000000
23906 74.0000000000 0.0100000000
24473 77.0000000000 0.0100000000
27752 78.0000000000 0.0100000000
28123 80.0000000000 0.0100000000
28355 83.0000000000 0.0100000000
29129 84.0000000000 0.0100000000
29352 86.0000000000 0.0100000000
30716 87.0000000000 0.0100000000
31222 88.0000000000 0.0100000000
31325 89.0000000000 0.0100000000
31428 91.0000000000 0.0100000000
32455 94.0000000000 0.0100000000
33283 97.0000000000 0.0100000000
33390 98.0000000000 0.0100000000
33494 100.0000000000 0.0100000000
evaluations raw_y evaporation_rate
1 3.0000000000 0.0100000000
9 6.0000000000 0.0100000000
47 7.0000000000 0.0100000000
63 9.0000000000 0.0100000000
94 10.0000000000 0.0100000000
253 11.0000000000 0.0100000000
265 14.0000000000 0.0100000000
334 15.0000000000 0.0100000000
336 16.0000000000 0.0100000000
365 17.0000000000 0.0100000000
397 18.0000000000 0.0100000000
499 22.0000000000 0.0100000000
639 23.0000000000 0.0100000000
687 24.0000000000 0.0100000000
718 25.0000000000 0.0100000000
875 28.0000000000 0.0100000000
973 29.0000000000 0.0100000000
1078 34.0000000000 0.0100000000
1935 36.0000000000 0.0100000000
2267 37.0000000000 0.0100000000
2292 40.0000000000 0.0100000000
2835 41.0000000000 0.0100000000
4528 42.0000000000 0.0100000000
4849 44.0000000000 0.0100000000
5748 46.0000000000 0.0100000000
5992 55.0000000000 0.0100000000
7282 56.0000000000 0.0100000000
7619 61.0000000000 0.0100000000
7633 62.0000000000 0.0100000000
7685 64.0000000000 0.0100000000
7709 66.0000000000 0.0100000000
8364 74.0000000000 0.0100000000
8735 76.0000000000 0.0100000000
8777 77.0000000000 0.0100000000
11999 78.0000000000 0.0100000000
13098 79.0000000000 0.0100000000
14636 81.0000000000 0.0100000000
16378 86.0000000000 0.0100000000
17036 87.0000000000 0.0100000000
17922 88.0000000000 0.0100000000
17944 92.0000000000 0.0100000000
18000 93.0000000000 0.0100000000
18135 98.0000000000 0.0100000000
19988 99.0000000000 0.0100000000
21820 100.0000000000 0.0100000000
evaluations raw_y evaporation_rate
1 0.0000000000 0.0100000000
2 2.0000000000 0.0100000000
3 10.0000000000 0.0100000000
11 12.0000000000 0.0100000000
107 13.0000000000 0.0100000000
133 14.0000000000 0.0100000000
174 15.0000000000 0.0100000000
193 16.0000000000 0.0100000000
206 17.0000000000 0.0100000000
235 18.0000000000 0.0100000000
1155 19.0000000000 0.0100000000
1174 21.0000000000 0.0100000000
1195 22.0000000000 0.0100000000
1388 23.0000000000 0.0100000000
1469 24.0000000000 0.0100000000
2092 25.0000000000 0.0100000000
2150 27.0000000000 0.0100000000
2219 28.0000000000 0.0100000000
2240 29.0000000000 0.0100000000
2794 30.0000000000 0.0100000000
3777 32.0000000000 0.0100000000
5081 34.0000000000 0.0100000000
7486 35.0000000000 0.0100000000
7892 36.0000000000 0.0100000000
7932 39.0000000000 0.0100000000
8167 40.0000000000 0.0100000000
8196 42.0000000000 0.0100000000
8241 43.0000000000 0.0100000000
8281 46.0000000000 0.0100000000
8625 50.0000000000 0.0100000000
10698 55.0000000000 0.0100000000
11005 56.0000000000 0.0100000000
11899 62.0000000000 0.0100000000
12053 67.0000000000 0.0100000000
12901 68.0000000000 0.0100000000
13838 71.0000000000 0.0100000000
13952 72.0000000000 0.0100000000
17715 73.0000000000 0.0100000000
17732 77.0000000000 0.0100000000
20588 78.0000000000 0.0100000000
23252 79.0000000000 0.0100000000
23928 80.0000000000 0.0100000000
24067 81.0000000000 0.0100000000
25034 84.0000000000 0.0100000000
25601 86.0000000000 0.0100000000
29089 90.0000000000 0.0100000000
29159 91.0000000000 0.0100000000
32876 92.0000000000 0.0100000000
34903 93.0000000000 0.0100000000
35197 95.0000000000 0.0100000000
35328 97.0000000000 0.0100000000
35363 100.0000000000 0.0100000000
evaluations raw_y evaporation_rate
1 1.0000000000 0.0100000000
2 6.0000000000 0.0100000000
45 9.0000000000 0.0100000000
86 10.0000000000 0.0100000000
161 12.0000000000 0.0100000000
207 15.0000000000 0.0100000000
301 19.0000000000 0.0100000000
397 22.0000000000 0.0100000000
2023 23.0000000000 0.0100000000
2045 24.0000000000 0.0100000000
2148 25.0000000000 0.0100000000
2173 26.0000000000 0.0100000000
2179 28.0000000000 0.0100000000
2317 30.0000000000 0.0100000000
2339 32.0000000000 0.0100000000
4263 33.0000000000 0.0100000000
4316 34.0000000000 0.0100000000
5058 38.0000000000 0.0100000000
5910 39.0000000000 0.0100000000
5992 41.0000000000 0.0100000000
6194 48.0000000000 0.0100000000
6228 49.0000000000 0.0100000000
6343 51.0000000000 0.0100000000
6656 52.0000000000 0.0100000000
7214 54.0000000000 0.0100000000
7606 59.0000000000 0.0100000000
8907 61.0000000000 0.0100000000
9129 62.0000000000 0.0100000000
11121 63.0000000000 0.0100000000
11177 64.0000000000 0.0100000000
14348 65.0000000000 0.0100000000
16200 67.0000000000 0.0100000000
16310 70.0000000000 0.0100000000
16328 72.0000000000 0.0100000000
16522 73.0000000000 0.0100000000
23267 74.0000000000 0.0100000000
23304 75.0000000000 0.0100000000
24206 78.0000000000 0.0100000000
25910 79.0000000000 0.0100000000
27804 80.0000000000 0.0100000000
29078 82.0000000000 0.0100000000
32060 83.0000000000 0.0100000000
32943 84.0000000000 0.0100000000
32966 85.0000000000 0.0100000000
33030 86.0000000000 0.0100000000
35242 88.0000000000 0.0100000000
36551 93.0000000000 0.0100000000
36575 96.0000000000 0.0100000000
41565 97.0000000000 0.0100000000
41953 100.0000000000 0.0100000000
evaluations raw_y evaporation_rate
1 2.0000000000 0.0100000000
5 3.0000000000 0.0100000000
56 5.0000000000 0.0100000000
104 6.0000000000 0.0100000000
109 8.0000000000 0.0100000000
135 9.0000000000 0.0100000000
150 10.0000000000 0.0100000000
198 11.0000000000 0.0100000000
212 12.0000000000 0.0100000000
273 16.0000000000 0.0100000000
297 18.0000000000 0.0100000000
305 19.0000000000 0.0100000000
353 21.0000000000 0.0100000000
372 23.0000000000 0.0100000000
428 24.0000000000 0.0100000000
516 27.0000000000 0.0100000000
2287 29.0000000000 0.0100000000
2314 30.0000000000 0.0100000000
2808 33.0000000000 0.0100000000
2877 34.0000000000 0.0100000000
2982 37.0000000000 0.0100000000
3097 38.0000000000 0.0100000000
3147 39.0000000000 0.0100000000
3528 40.0000000000 0.0100000000
4322 42.0000000000 0.0100000000
4392 45.0000000000 0.0100000000
5280 51.0000000000 0.0100000000
5334 55.0000000000 0.0100000000
5577 56.0000000000 0.0100000000
6905 57.0000000000 0.0100000000
7670 59.0000000000 0.0100000000
9283 61.0000000000 0.0100000000
10319 66.0000000000 0.0100000000
12360 69.0000000000 0.0100000000
12743 71.0000000000 0.0100000000
12847 76.0000000000 0.0100000000
12897 77.0000000000 0.0100000000
13968 78.0000000000 0.0100000000
15369 80.0000000000 0.0100000000
16478 82.0000000000 0.0100000000
18019 85.0000000000 0.0100000000
18165 86.0000000000 0.0100000000
18183 87.0000000000 0.0100000000
18234 88.0000000000 0.0100000000
18284 90.0000000000 0.0100000000
18339 92.0000000000 0.0100000000
18673 94.0000000000 0.0100000000
18812 95.0000000000 0.0100000000
18963 96.0000000000 0.0100000000
19243 98.0000000000 0.0100000000
23566 99.0000000000 0.0100000000
23589 100.0000000000 0.0100000000
evaluations raw_y evaporation_rate
1 1.0000000000 0.0100000000
10 4.0000000000 0.0100000000
48 5.0000000000 0.0100000000
49 7.0000000000 0.0100000000
103 10.0000000000 0.0100000000
192 12.0000000000 0.0100000000
274 13.0000000000 0.0100000000
292 14.0000000000 0.0100000000
527 15.0000000000 0.0100000000
541 17.0000000000 0.0100000000
593 19.0000000000 0.0100000000
608 20.0000000000 0.0100000000
622 22.0000000000 0.0100000000
681 26.0000000000 0.0100000000
3069 27.0000000000 0.0100000000
3656 29.0000000000 0.0100000000
3673 31.0000000000 0.0100000000
4572 32.0000000000 0.0100000000
5583 34.0000000000 0.0100000000
10637 46.0000000000 0.0100000000
10693 48.0000000000 0.0100000000
10879 50.0000000000 0.0100000000
10923 53.0000000000 0.0100000000
11049 56.0000000000 0.0100000000
11088 57.0000000000 0.0100000000
11152 66.0000000000 0.0100000000
12301 67.0000000000 0.0100000000
15672 68.0000000000 0.0100000000
17765 70.0000000000 0.0100000000
21438 71.0000000000 0.0100000000
24075 74.0000000000 0.0100000000
24587 75.0000000000 0.0100000000
26020 77.0000000000 0.0100000000
26586 79.0000000000 0.0100000000
27549 80.0000000000 0.0100000000
27926 82.0000000000 0.0100000000
28605 83.0000000000 0.0100000000
28736 84.0000000000 0.0100000000
29404 87.0000000000 0.0100000000
29715 92.0000000000 0.0100000000
30896 96.0000000000 0.0100000000
31539 97.0000000000 0.0100000000
31850 100.0000000000 0.0100000000
