evaluations raw_y evaporation_rate
1 46.0000000000 1.0000000000
55 47.0000000000 1.0000000000
60 48.0000000000 1.0000000000
72 49.0000000000 1.0000000000
115 50.0000000000 1.0000000000
120 51.0000000000 1.0000000000
137 52.0000000000 1.0000000000
151 53.0000000000 1.0000000000
155 54.0000000000 1.0000000000
202 55.0000000000 1.0000000000
238 56.0000000000 1.0000000000
296 57.0000000000 1.0000000000
306 58.0000000000 1.0000000000
346 59.0000000000 1.0000000000
395 60.0000000000 1.0000000000
440 61.0000000000 1.0000000000
467 62.0000000000 1.0000000000
468 63.0000000000 1.0000000000
486 64.0000000000 1.0000000000
491 65.0000000000 1.0000000000
525 66.0000000000 1.0000000000
577 67.0000000000 1.0000000000
592 68.0000000000 1.0000000000
642 69.0000000000 1.0000000000
643 70.0000000000 1.0000000000
644 71.0000000000 1.0000000000
755 72.0000000000 1.0000000000
787 73.0000000000 1.0000000000
853 74.0000000000 1.0000000000
921 75.0000000000 1.0000000000
925 76.0000000000 1.0000000000
1163 77.0000000000 1.0000000000
1418 78.0000000000 1.0000000000
1526 79.0000000000 1.0000000000
1609 80.0000000000 1.0000000000
1621 81.0000000000 1.0000000000
1743 82.0000000000 1.0000000000
1747 83.0000000000 1.0000000000
1756 84.0000000000 1.0000000000
1902 85.0000000000 1.0000000000
1915 86.0000000000 1.0000000000
1927 87.0000000000 1.0000000000
1994 88.0000000000 1.0000000000
2004 89.0000000000 1.0000000000
2047 90.0000000000 1.0000000000
2120 91.0000000000 1.0000000000
2216 92.0000000000 1.0000000000
2273 93.0000000000 1.0000000000
2300 94.0000000000 1.0000000000
2354 95.0000000000 1.0000000000
2440 96.0000000000 1.0000000000
2492 97.0000000000 1.0000000000
3264 98.0000000000 1.0000000000
7486 99.0000000000 1.0000000000
10804 100.0000000000 1.0000000000
evaluations raw_y evaporation_rate
1 53.0000000000 1.0000000000
31 54.0000000000 1.0000000000
38 55.0000000000 1.0000000000
71 56.0000000000 1.0000000000
74 57.0000000000 1.0000000000
89 58.0000000000 1.0000000000
100 59.0000000000 1.0000000000
102 60.0000000000 1.0000000000
104 61.0000000000 1.0000000000
122 62.0000000000 1.0000000000
146 63.0000000000 1.0000000000
161 64.0000000000 1.0000000000
187 65.0000000000 1.0000000000
191 66.0000000000 1.0000000000
215 67.0000000000 1.0000000000
218 68.0000000000 1.0000000000
227 69.0000000000 1.0000000000
266 70.0000000000 1.0000000000
402 71.0000000000 1.0000000000
429 72.0000000000 1.0000000000
437 73.0000000000 1.0000000000
527 74.0000000000 1.0000000000
545 75.0000000000 1.0000000000
563 76.0000000000 1.0000000000
600 77.0000000000 1.0000000000
651 78.0000000000 1.0000000000
673 79.0000000000 1.0000000000
712 80.0000000000 1.0000000000
825 81.0000000000 1.0000000000
840 82.0000000000 1.0000000000
939 83.0000000000 1.0000000000
1136 84.0000000000 1.0000000000
1170 85.0000000000 1.0000000000
1174 86.0000000000 1.0000000000
1194 87.0000000000 1.0000000000
1391 88.0000000000 1.0000000000
1404 89.0000000000 1.0000000000
1412 90.0000000000 1.0000000000
1431 91.0000000000 1.0000000000
1678 92.0000000000 1.0000000000
1767 93.0000000000 1.0000000000
1798 94.0000000000 1.0000000000
1833 95.0000000000 1.0000000000
2257 96.0000000000 1.0000000000
2460 97.0000000000 1.0000000000
4039 98.0000000000 1.0000000000
5365 99.0000000000 1.0000000000
9446 100.0000000000 1.0000000000
evaluations raw_y evaporation_rate
1 48.0000000000 1.0000000000
11 49.0000000000 1.0000000000
88 50.0000000000 1.0000000000
93 51.0000000000 1.0000000000
99 52.0000000000 1.0000000000
107 53.0000000000 1.0000000000
110 54.0000000000 1.0000000000
192 55.0000000000 1.0000000000
197 56.0000000000 1.0000000000
233 57.0000000000 1.0000000000
252 58.0000000000 1.0000000000
275 59.0000000000 1.0000000000
283 60.0000000000 1.0000000000
329 61.0000000000 1.0000000000
337 62.0000000000 1.0000000000
351 63.0000000000 1.0000000000
414 64.0000000000 1.0000000000
457 65.0000000000 1.0000000000
502 66.0000000000 1.0000000000
534 67.0000000000 1.0000000000
548 68.0000000000 1.0000000000
653 69.0000000000 1.0000000000
737 70.0000000000 1.0000000000
771 71.0000000000 1.0000000000
780 72.0000000000 1.0000000000
795 73.0000000000 1.0000000000
837 74.0000000000 1.0000000000
842 75.0000000000 1.0000000000
918 76.0000000000 1.0000000000
921 77.0000000000 1.0000000000
951 78.0000000000 1.0000000000
1062 79.0000000000 1.0000000000
1069 80.0000000000 1.0000000000
1110 81.0000000000 1.0000000000
1228 82.0000000000 1.0000000000
1251 83.0000000000 1.0000000000
1273 84.0000000000 1.0000000000
1283 85.0000000000 1.0000000000
1390 86.0000000000 1.0000000000
1398 87.0000000000 1.0000000000
1399 88.0000000000 1.0000000000
1415 89.0000000000 1.0000000000
1720 90.0000000000 1.0000000000
1768 91.0000000000 1.0000000000
1889 92.0000000000 1.0000000000
1897 93.0000000000 1.0000000000
1910 94.0000000000 1.0000000000
1936 95.0000000000 1.0000000000
1965 96.0000000000 1.0000000000
2041 97.0000000000 1.0000000000
2052 98.0000000000 1.0000000000
2459 99.0000000000 1.0000000000
3276 100.0000000000 1.0000000000
evaluations raw_y evaporation_rate
1 48.0000000000 1.0000000000
8 49.0000000000 1.0000000000
40 50.0000000000 1.0000000000
66 51.0000000000 1.0000000000
79 52.0000000000 1.0000000000
90 53.0000000000 1.0000000000
104 54.0000000000 1.0000000000
105 55.0000000000 1.0000000000
153 56.0000000000 1.0000000000
166 57.0000000000 1.0000000000
217 58.0000000000 1.0000000000
243 59.0000000000 1.0000000000
314 60.0000000000 1.0000000000
338 61.0000000000 1.0000000000
392 62.0000000000 1.0000000000
398 63.0000000000 1.0000000000
424 64.0000000000 1.0000000000
454 65.0000000000 1.0000000000
460 66.0000000000 1.0000000000
477 67.0000000000 1.0000000000
531 68.0000000000 1.0000000000
541 69.0000000000 1.0000000000
658 70.0000000000 1.0000000000
687 71.0000000000 1.0000000000
692 72.0000000000 1.0000000000
708 73.0000000000 1.0000000000
782 74.0000000000 1.0000000000
792 75.0000000000 1.0000000000
809 76.0000000000 1.0000000000
824 77.0000000000 1.0000000000
840 78.0000000000 1.0000000000
932 79.0000000000 1.0000000000
995 80.0000000000 1.0000000000
1031 81.0000000000 1.0000000000
1280 82.0000000000 1.0000000000
1344 83.0000000000 1.0000000000
1352 84.0000000000 1.0000000000
1478 85.0000000000 1.0000000000
1563 86.0000000000 1.0000000000
1652 87.0000000000 1.0000000000
1729 88.0000000000 1.0000000000
1730 89.0000000000 1.0000000000
1826 90.0000000000 1.0000000000
1941 91.0000000000 1.0000000000
1999 92.0000000000 1.0000000000
2028 93.0000000000 1.0000000000
2186 94.0000000000 1.0000000000
2218 95.0000000000 1.0000000000
2487 96.0000000000 1.0000000000
2594 97.0000000000 1.0000000000
2718 98.0000000000 1.0000000000
2744 99.0000000000 1.0000000000
2831 100.0000000000 1.0000000000
evaluations raw_y evaporation_rate
1 52.0000000000 1.0000000000
6 53.0000000000 1.0000000000
24 54.0000000000 1.0000000000
30 55.0000000000 1.0000000000
47 56.0000000000 1.0000000000
91 57.0000000000 1.0000000000
97 58.0000000000 1.0000000000
110 60.0000000000 1.0000000000
126 61.0000000000 1.0000000000
134 62.0000000000 1.0000000000
137 63.0000000000 1.0000000000
197 64.0000000000 1.0000000000
212 66.0000000000 1.0000000000
229 67.0000000000 1.0000000000
306 68.0000000000 1.0000000000
337 69.0000000000 1.0000000000
344 70.0000000000 1.0000000000
348 71.0000000000 1.0000000000
378 72.0000000000 1.0000000000
381 73.0000000000 1.0000000000
471 74.0000000000 1.0000000000
508 75.0000000000 1.0000000000
532 76.0000000000 1.0000000000
539 77.0000000000 1.0000000000
553 78.0000000000 1.0000000000
615 79.0000000000 1.0000000000
827 80.0000000000 1.0000000000
899 81.0000000000 1.0000000000
900 82.0000000000 1.0000000000
984 83.0000000000 1.0000000000
1134 84.0000000000 1.0000000000
1212 85.0000000000 1.0000000000
1237 86.0000000000 1.0000000000
1295 87.0000000000 1.0000000000
1516 88.0000000000 1.0000000000
1672 89.0000000000 1.0000000000
1864 90.0000000000 1.0000000000
2081 91.0000000000 1.0000000000
2294 92.0000000000 1.0000000000
2330 93.0000000000 1.0000000000
2334 94.0000000000 1.0000000000
2400 95.0000000000 1.0000000000
2476 96.0000000000 1.0000000000
2508 97.0000000000 1.0000000000
2974 98.0000000000 1.0000000000
3291 99.0000000000 1.0000000000
7278 100.0000000000 1.0000000000
evaluations raw_y evaporation_rate
1 55.0000000000 1.0000000000
14 56.0000000000 1.0000000000
58 57.0000000000 1.0000000000
103 58.0000000000 1.0000000000
121 59.0000000000 1.0000000000
128 60.0000000000 1.0000000000
164 61.0000000000 1.0000000000
208 62.0000000000 1.0000000000
225 63.0000000000 1.0000000000
228 64.0000000000 1.0000000000
248 65.0000000000 1.0000000000
315 66.0000000000 1.0000000000
349 67.0000000000 1.0000000000
378 68.0000000000 1.0000000000
388 69.0000000000 1.0000000000
480 70.0000000000 1.0000000000
507 71.0000000000 1.0000000000
553 72.0000000000 1.0000000000
595 73.0000000000 1.0000000000
615 74.0000000000 1.0000000000
671 75.0000000000 1.0000000000
700 76.0000000000 1.0000000000
724 77.0000000000 1.0000000000
740 78.0000000000 1.0000000000
747 79.0000000000 1.0000000000
749 80.0000000000 1.0000000000
888 81.0000000000 1.0000000000
951 82.0000000000 1.0000000000
988 83.0000000000 1.0000000000
1034 84.0000000000 1.0000000000
1145 85.0000000000 1.0000000000
1176 86.0000000000 1.0000000000
1203 87.0000000000 1.0000000000
1440 88.0000000000 1.0000000000
1542 89.0000000000 1.0000000000
1569 90.0000000000 1.0000000000
1572 91.0000000000 1.0000000000
1619 92.0000000000 1.0000000000
1891 93.0000000000 1.0000000000
2067 94.0000000000 1.0000000000
2091 95.0000000000 1.0000000000
2170 96.0000000000 1.0000000000
2368 97.0000000000 1.0000000000
3353 98.0000000000 1.0000000000
3399 99.0000000000 1.0000000000
4580 100.0000000000 1.0000000000
evaluations raw_y evaporation_rate
1 50.0000000000 1.0000000000
4 51.0000000000 1.0000000000
12 52.0000000000 1.0000000000
33 53.0000000000 1.0000000000
39 54.0000000000 1.0000000000
59 55.0000000000 1.0000000000
60 56.0000000000 1.0000000000
65 57.0000000000 1.0000000000
81 58.0000000000 1.0000000000
100 59.0000000000 1.0000000000
129 60.0000000000 1.0000000000
142 61.0000000000 1.0000000000
188 62.0000000000 1.0000000000
211 63.0000000000 1.0000000000
267 64.0000000000 1.0000000000
357 65.0000000000 1.0000000000
360 66.0000000000 1.0000000000
368 67.0000000000 1.0000000000
394 68.0000000000 1.0000000000
440 69.0000000000 1.0000000000
502 70.0000000000 1.0000000000
509 71.0000000000 1.0000000000
514 72.0000000000 1.0000000000
561 73.0000000000 1.0000000000
632 74.0000000000 1.0000000000
638 75.0000000000 1.0000000000
651 76.0000000000 1.0000000000
652 77.0000000000 1.0000000000
671 78.0000000000 1.0000000000
718 79.0000000000 1.0000000000
727 81.0000000000 1.0000000000
760 82.0000000000 1.0000000000
765 83.0000000000 1.0000000000
836 84.0000000000 1.0000000000
933 85.0000000000 1.0000000000
944 86.0000000000 1.0000000000
1224 87.0000000000 1.0000000000
1251 88.0000000000 1.0000000000
1284 89.0000000000 1.0000000000
1365 90.0000000000 1.0000000000
1391 91.0000000000 1.0000000000
1423 92.0000000000 1.0000000000
1430 93.0000000000 1.0000000000
1452 94.0000000000 1.0000000000
1723 95.0000000000 1.0000000000
2106 96.0000000000 1.0000000000
2349 97.0000000000 1.0000000000
2530 98.0000000000 1.0000000000
2798 99.0000000000 1.0000000000
4913 100.0000000000 1.0000000000
evaluations raw_y evaporation_rate
1 46.0000000000 1.0000000000
6 47.0000000000 1.0000000000
56 48.0000000000 1.0000000000
80 49.0000000000 1.0000000000
85 50.0000000000 1.0000000000
119 51.0000000000 1.0000000000
120 52.0000000000 1.0000000000
160 53.0000000000 1.0000000000
170 54.0000000000 1.0000000000
176 55.0000000000 1.0000000000
297 56.0000000000 1.0000000000
298 57.0000000000 1.0000000000
311 58.0000000000 1.0000000000
324 59.0000000000 1.0000000000
328 60.0000000000 1.0000000000
349 61.0000000000 1.0000000000
365 62.0000000000 1.0000000000
413 63.0000000000 1.0000000000
424 64.0000000000 1.0000000000
446 65.0000000000 1.0000000000
491 66.0000000000 1.0000000000
520 67.0000000000 1.0000000000
624 68.0000000000 1.0000000000
647 69.0000000000 1.0000000000
674 70.0000000000 1.0000000000
675 71.0000000000 1.0000000000
700 72.0000000000 1.0000000000
726 73.0000000000 1.0000000000
840 74.0000000000 1.0000000000
931 75.0000000000 1.0000000000
1042 76.0000000000 1.0000000000
1064 77.0000000000 1.0000000000
1150 78.0000000000 1.0000000000
1181 79.0000000000 1.0000000000
1218 80.0000000000 1.0000000000
1254 81.0000000000 1.0000000000
1320 82.0000000000 1.0000000000
1362 83.0000000000 1.0000000000
1402 84.0000000000 1.0000000000
1512 85.0000000000 1.0000000000
1625 86.0000000000 1.0000000000
1649 87.0000000000 1.0000000000
1800 88.0000000000 1.0000000000
1937 89.0000000000 1.0000000000
2002 90.0000000000 1.0000000000
2156 91.0000000000 1.0000000000
2403 92.0000000000 1.0000000000
2523 93.0000000000 1.0000000000
3047 94.0000000000 1.0000000000
3048 95.0000000000 1.0000000000
3777 96.0000000000 1.0000000000
4050 97.0000000000 1.0000000000
4425 98.0000000000 1.0000000000
4480 99.0000000000 1.0000000000
4970 100.0000000000 1.0000000000
evaluations raw_y evaporation_rate
1 54.0000000000 1.0000000000
35 55.0000000000 1.0000000000
46 56.0000000000 1.0000000000
64 57.0000000000 1.0000000000
78 59.0000000000 1.0000000000
81 60.0000000000 1.0000000000
86 61.0000000000 1.0000000000
97 62.0000000000 1.0000000000
285 63.0000000000 1.0000000000
313 64.0000000000 1.0000000000
381 65.0000000000 1.0000000000
506 66.0000000000 1.0000000000
529 67.0000000000 1.0000000000
560 68.0000000000 1.0000000000
567 69.0000000000 1.0000000000
590 70.0000000000 1.0000000000
612 71.0000000000 1.0000000000
630 72.0000000000 1.0000000000
746 73.0000000000 1.0000000000
784 74.0000000000 1.0000000000
792 75.0000000000 1.0000000000
928 76.0000000000 1.0000000000
948 77.0000000000 1.0000000000
950 78.0000000000 1.0000000000
1026 79.0000000000 1.0000000000
1052 80.0000000000 1.0000000000
1091 81.0000000000 1.0000000000
1116 82.0000000000 1.0000000000
1144 83.0000000000 1.0000000000
1165 84.0000000000 1.0000000000
1238 85.0000000000 1.0000000000
1464 86.0000000000 1.0000000000
1529 87.0000000000 1.0000000000
1566 88.0000000000 1.0000000000
1696 89.0000000000 1.0000000000
1729 90.0000000000 1.0000000000
1797 91.0000000000 1.0000000000
2041 92.0000000000 1.0000000000
2145 93.0000000000 1.0000000000
2470 94.0000000000 1.0000000000
2660 95.0000000000 1.0000000000
2869 96.0000000000 1.0000000000
2999 97.0000000000 1.0000000000
3182 98.0000000000 1.0000000000
4408 99.0000000000 1.0000000000
4637 100.0000000000 1.0000000000
evaluations raw_y evaporation_rate
1 44.0000000000 1.0000000000
26 45.0000000000 1.0000000000
39 46.0000000000 1.0000000000
43 47.0000000000 1.0000000000
68 48.0000000000 1.0000000000
115 49.0000000000 1.0000000000
120 50.0000000000 1.0000000000
151 51.0000000000 1.0000000000
159 52.0000000000 1.0000000000
172 53.0000000000 1.0000000000
199 54.0000000000 1.0000000000
226 55.0000000000 1.0000000000
244 56.0000000000 1.0000000000
253 57.0000000000 1.0000000000
261 58.0000000000 1.0000000000
284 59.0000000000 1.0000000000
289 60.0000000000 1.0000000000
291 61.0000000000 1.0000000000
293 62.0000000000 1.0000000000
317 63.0000000000 1.0000000000
328 64.0000000000 1.0000000000
340 65.0000000000 1.0000000000
384 66.0000000000 1.0000000000
390 67.0000000000 1.0000000000
395 68.0000000000 1.0000000000
439 69.0000000000 1.0000000000
489 70.0000000000 1.0000000000
498 71.0000000000 1.0000000000
540 72.0000000000 1.0000000000
700 73.0000000000 1.0000000000
725 74.0000000000 1.0000000000
729 75.0000000000 1.0000000000
744 76.0000000000 1.0000000000
831 77.0000000000 1.0000000000
880 78.0000000000 1.0000000000
960 79.0000000000 1.0000000000
962 80.0000000000 1.0000000000
981 81.0000000000 1.0000000000
1065 82.0000000000 1.0000000000
1133 83.0000000000 1.0000000000
1134 84.0000000000 1.0000000000
1377 85.0000000000 1.0000000000
1386 86.0000000000 1.0000000000
1498 87.0000000000 1.0000000000
1696 88.0000000000 1.0000000000
1724 89.0000000000 1.0000000000
1754 90.0000000000 1.0000000000
1790 91.0000000000 1.0000000000
1851 92.0000000000 1.0000000000
1917 93.0000000000 1.0000000000
2012 94.0000000000 1.0000000000
2016 95.0000000000 1.0000000000
2341 96.0000000000 1.0000000000
2812 97.0000000000 1.0000000000
3293 98.0000000000 1.0000000000
3656 99.0000000000 1.0000000000
4947 100.0000000000 1.0000000000
